Instância	melhor custo	média custo		std custo	média tempo		std tempo


############################Aleatório############################

Geo_n120_ds_01.txt	222988.35		221413.847	848.515		4.776	0.091
Geo_n120_ds_02.txt	123436.64		123012.678	437.558		4.738	0.009
Geo_n120_ds_03.txt	103822.13		103177.134	635.920		4.654	0.018
Geo_n120_ds_04.txt	160898.68		160820.501	56.101		4.638	0.008
Geo_n120_ds_05.txt	242078.19		238538.466	1845.660		4.613	0.007
Geo_n120_ds_06.txt	272696.25		271885.873	643.884		4.629	0.007
Geo_n120_ds_07.txt	216200.38		215082.668	1306.659		4.607	0.003
Geo_n120_ds_08.txt	175659.36		175520.620	93.047		4.643	0.009
Geo_n120_ds_09.txt	190021.12		189394.365	509.602		4.613	0.004
Geo_n120_ds_10.txt	130660.74		130319.304	244.895		4.623	0.010
Geo_n120_ss_01.txt	202652.24		202596.659	44.834		2.450	0.012
Geo_n120_ss_02.txt	109453.09		109388.599	34.556		2.419	0.014
Geo_n120_ss_03.txt	95106.07		95045.148	41.731		2.411	0.016
Geo_n120_ss_04.txt	146683.06		146567.901	60.884		2.426	0.025
Geo_n120_ss_05.txt	224719.80		224617.403	86.540		2.418	0.006
Geo_n120_ss_06.txt	250167.89		250099.137	58.383		2.412	0.006
Geo_n120_ss_07.txt	196512.12		196439.777	43.895		2.409	0.008
Geo_n120_ss_08.txt	159557.44		159452.465	65.371		2.418	0.010
Geo_n120_ss_09.txt	174056.21		173981.675	54.814		2.412	0.009
Geo_n120_ss_10.txt	120178.82		120115.395	41.428		2.422	0.017
Geo_n240_ds_01.txt	399764.54		399679.584	46.986		10.004	0.011
Geo_n240_ds_02.txt	693042.90		691828.920	1337.552		10.046	0.012
Geo_n240_ds_03.txt	433079.32		432999.815	64.488		10.051	0.041
Geo_n240_ds_04.txt	526039.27		523447.174	2004.881		10.053	0.022
Geo_n240_ds_05.txt	624687.26		624042.301	1156.965		10.010	0.006
Geo_n240_ds_06.txt	715067.08		714275.123	608.263		10.054	0.006
Geo_n240_ds_07.txt	679270.94		677814.383	1269.347		10.025	0.019
Geo_n240_ds_08.txt	261740.50		261726.863	20.355		10.030	0.002
Geo_n240_ds_09.txt	817360.07		817001.913	259.449		9.995	0.006
Geo_n240_ds_10.txt	708270.27		707131.682	1223.732		10.021	0.016
Geo_n240_ss_01.txt	377147.02		377053.800	69.023		5.310	0.050
Geo_n240_ss_02.txt	659443.99		659317.541	103.705		6.880	0.014
Geo_n240_ss_03.txt	413403.18		413328.034	62.902		5.226	0.020
Geo_n240_ss_04.txt	491860.21		491770.605	78.491		5.259	0.017
Geo_n240_ss_05.txt	596250.97		596187.045	61.850		5.247	0.057
Geo_n240_ss_06.txt	675923.84		675851.831	68.917		5.255	0.017
Geo_n240_ss_07.txt	650847.49		650737.204	63.526		6.882	0.038
Geo_n240_ss_08.txt	253589.24		253579.017	6.031		6.874	0.027
Geo_n240_ss_09.txt	781525.10		781451.905	87.597		5.252	0.029
Geo_n240_ss_10.txt	677866.92		677719.068	178.265		5.234	0.014
Geo_n480_ds_01.txt	1161263.23		1159948.897	1362.779		21.330	0.158
Geo_n480_ds_02.txt	2170545.03		2168517.726	1092.327		21.289	0.034
Geo_n480_ds_03.txt	1324882.91		1322066.999	2377.617		21.347	0.039
Geo_n480_ds_04.txt	1667904.09		1665742.648	1794.626		21.341	0.028
Geo_n480_ds_05.txt	1971443.93		1968029.106	3351.560		21.269	0.038
Geo_n480_ds_06.txt	2019029.56		2017036.578	1625.813		21.411	0.096
Geo_n480_ds_07.txt	1724649.74		1722605.822	3412.221		21.287	0.044
Geo_n480_ds_08.txt	1172230.56		1169985.111	1522.020		21.326	0.057
Geo_n480_ds_09.txt	1330920.22		1329406.660	1349.696		21.348	0.060
Geo_n480_ds_10.txt	1869507.37		1864613.342	4439.107		21.295	0.061
Geo_n480_ss_01.txt	1102333.33		1102250.350	68.752		11.084	0.021
Geo_n480_ss_02.txt	2092067.38		2091710.080	218.962		11.115	0.020
Geo_n480_ss_03.txt	1265318.48		1264995.990	212.116		11.125	0.044
Geo_n480_ss_04.txt	1576741.21		1576513.094	201.627		11.203	0.019
Geo_n480_ss_05.txt	1888856.24		1888619.643	171.119		11.104	0.060
Geo_n480_ss_06.txt	1930211.61		1930037.521	129.838		11.146	0.040
Geo_n480_ss_07.txt	1652437.43		1652257.181	147.067		11.165	0.055
Geo_n480_ss_08.txt	1111300.94		1111182.536	79.950		11.098	0.025
Geo_n480_ss_09.txt	1270475.61		1270295.037	144.294		11.126	0.027
Geo_n480_ss_10.txt	1763908.90		1763735.984	156.726		11.178	0.023
Geo_n960_ds_01.txt	6714171.60		6710793.962	5246.138		46.029	0.109
Geo_n960_ds_02.txt	3441610.64		3439172.690	2451.203		46.123	0.037
Geo_n960_ds_03.txt	6689839.05		6688101.363	2778.952		46.035	0.036
Geo_n960_ds_04.txt	7232430.93		7227952.691	3966.044		46.139	0.049
Geo_n960_ds_05.txt	4675145.33		4671948.937	1648.473		46.060	0.039
Geo_n960_ds_06.txt	6294951.68		6290721.526	6158.384		46.284	0.068
Geo_n960_ds_07.txt	2600317.03		2598220.933	1683.251		46.075	0.112
Geo_n960_ds_08.txt	3441239.53		3440335.662	1341.357		46.232	0.023
Geo_n960_ds_09.txt	3788665.88		3786145.807	1818.667		46.084	0.025
Geo_n960_ds_10.txt	5225861.62		5223533.450	1966.574		46.229	0.025
Geo_n960_ss_01.txt	6501762.38		6501258.915	288.921		24.218	0.079
Geo_n960_ss_02.txt	3323542.52		3323376.565	165.593		24.190	0.051
Geo_n960_ss_03.txt	6496322.58		6496037.016	164.746		24.134	0.076
Geo_n960_ss_04.txt	7021624.62		7021454.170	138.028		24.257	0.018
Geo_n960_ss_05.txt	4524455.49		4524167.082	199.291		24.078	0.062
Geo_n960_ss_06.txt	6132691.80		6132400.291	247.980		24.160	0.063
Geo_n960_ss_07.txt	2513230.76		2513189.558	44.998		24.095	0.044
Geo_n960_ss_08.txt	3344409.62		3344270.011	122.269		24.170	0.038
Geo_n960_ss_09.txt	3666769.21		3666606.514	115.382		24.071	0.064
Geo_n960_ss_10.txt	5052278.36		5052081.038	243.236		24.147	0.070
RanInt_n120_ds_01.txt	97186.00		96852.800	230.782		4.621	0.008
RanInt_n120_ds_02.txt	98982.00		98158.400	476.429		4.640	0.007
RanInt_n120_ds_03.txt	96392.00		95687.200	646.360		4.617	0.005
RanInt_n120_ds_04.txt	96414.00		95142.800	736.305		4.657	0.017
RanInt_n120_ds_05.txt	95826.00		94919.600	664.783		4.627	0.006
RanInt_n120_ds_06.txt	95108.00		94816.400	243.226		4.640	0.009
RanInt_n120_ds_07.txt	96502.00		95550.000	1089.447		4.628	0.006
RanInt_n120_ds_08.txt	96528.00		96321.200	336.822		4.645	0.008
RanInt_n120_ds_09.txt	95576.00		95260.000	320.782		4.632	0.009
RanInt_n120_ds_10.txt	96596.00		95549.600	552.744		4.650	0.006
RanInt_n120_ss_01.txt	92084.00		91176.400	699.539		2.418	0.007
RanInt_n120_ss_02.txt	92220.00		91615.600	543.287		2.437	0.013
RanInt_n120_ss_03.txt	91318.00		90715.600	570.107		2.412	0.016
RanInt_n120_ss_04.txt	91188.00		90948.000	214.659		2.423	0.020
RanInt_n120_ss_05.txt	89978.00		89644.000	409.484		2.419	0.009
RanInt_n120_ss_06.txt	89956.00		89325.200	493.995		2.441	0.018
RanInt_n120_ss_07.txt	90938.00		89574.000	812.261		2.417	0.019
RanInt_n120_ss_08.txt	90910.00		90187.600	542.307		2.444	0.019
RanInt_n120_ss_09.txt	90692.00		90244.800	374.846		2.409	0.009
RanInt_n120_ss_10.txt	91958.00		91310.000	362.222		2.431	0.021
RanInt_n240_ds_01.txt	306220.00		305064.000	1019.343		10.043	0.034
RanInt_n240_ds_02.txt	305888.00		303694.400	1474.594		10.027	0.027
RanInt_n240_ds_03.txt	305080.00		303403.200	1014.588		9.991	0.023
RanInt_n240_ds_04.txt	308398.00		307788.400	522.375		10.032	0.011
RanInt_n240_ds_05.txt	305596.00		304403.600	1044.710		10.000	0.023
RanInt_n240_ds_06.txt	306760.00		305600.400	978.204		10.022	0.014
RanInt_n240_ds_07.txt	304172.00		302871.200	985.614		9.990	0.011
RanInt_n240_ds_08.txt	302596.00		301136.000	1601.892		10.025	0.008
RanInt_n240_ds_09.txt	306426.00		304397.200	1482.731		9.985	0.023
RanInt_n240_ds_10.txt	306134.00		304293.600	1146.159		10.034	0.033
RanInt_n240_ss_01.txt	296270.00		294903.600	869.668		5.274	0.043
RanInt_n240_ss_02.txt	296426.00		295125.200	737.753		5.237	0.013
RanInt_n240_ss_03.txt	298054.00		295569.200	1418.234		5.302	0.107
RanInt_n240_ss_04.txt	298724.00		296322.000	1307.151		5.264	0.041
RanInt_n240_ss_05.txt	297654.00		295991.600	950.589		5.229	0.032
RanInt_n240_ss_06.txt	294920.00		294408.000	474.224		5.233	0.015
RanInt_n240_ss_07.txt	296762.00		294798.000	1523.572		5.228	0.027
RanInt_n240_ss_08.txt	296284.00		294724.800	846.025		5.261	0.042
RanInt_n240_ss_09.txt	297680.00		294739.600	1619.328		5.216	0.008
RanInt_n240_ss_10.txt	295692.00		294808.800	604.731		5.219	0.018
RanInt_n480_ds_01.txt	735426.00		733464.000	1813.282		21.207	0.012
RanInt_n480_ds_02.txt	731984.00		729939.600	1173.801		21.248	0.011
RanInt_n480_ds_03.txt	731124.00		727953.600	1816.501		21.179	0.042
RanInt_n480_ds_04.txt	738114.00		735461.600	2091.477		21.254	0.031
RanInt_n480_ds_05.txt	730768.00		729816.400	871.977		21.170	0.023
RanInt_n480_ds_06.txt	734120.00		730168.800	2612.623		21.247	0.025
RanInt_n480_ds_07.txt	731212.00		729236.000	1415.642		21.288	0.265
RanInt_n480_ds_08.txt	733322.00		732456.000	635.599		21.485	0.201
RanInt_n480_ds_09.txt	734710.00		729774.400	2706.470		21.270	0.035
RanInt_n480_ds_10.txt	742776.00		737987.600	2530.997		21.334	0.026
RanInt_n480_ss_01.txt	712404.00		710800.000	1464.858		11.178	0.012
RanInt_n480_ss_02.txt	713778.00		710156.000	2661.449		11.214	0.064
RanInt_n480_ss_03.txt	710132.00		709127.200	609.425		11.091	0.023
RanInt_n480_ss_04.txt	712034.00		709253.600	1741.369		11.163	0.031
RanInt_n480_ss_05.txt	711060.00		709970.000	809.336		11.121	0.019
RanInt_n480_ss_06.txt	711408.00		709579.600	1172.402		11.190	0.029
RanInt_n480_ss_07.txt	710956.00		709887.200	1105.056		11.149	0.042
RanInt_n480_ss_08.txt	711538.00		709789.200	1390.259		11.174	0.028
RanInt_n480_ss_09.txt	710738.00		708365.600	1523.218		11.161	0.026
RanInt_n480_ss_10.txt	713368.00		710768.800	1388.030		11.191	0.031
RanInt_n960_ds_01.txt	2346562.00		2342736.400	2651.818		46.201	0.039
RanInt_n960_ds_02.txt	2339584.00		2336556.400	3342.498		46.204	0.620
RanInt_n960_ds_03.txt	2341134.00		2337957.200	2024.090		35.509	0.036
RanInt_n960_ds_04.txt	2345210.00		2341200.800	2901.691		35.594	0.062
RanInt_n960_ds_05.txt	2342324.00		2337611.200	3524.077		35.482	0.064
RanInt_n960_ds_06.txt	2338426.00		2334071.600	2581.890		35.575	0.093
RanInt_n960_ds_07.txt	2341124.00		2337796.800	2506.915		35.426	0.048
RanInt_n960_ds_08.txt	2345302.00		2340483.200	3587.282		35.556	0.038
RanInt_n960_ds_09.txt	2339612.00		2334284.000	3385.921		35.428	0.043
RanInt_n960_ds_10.txt	2344378.00		2340989.600	2206.967		35.552	0.046
RanInt_n960_ss_01.txt	2295474.00		2292815.600	2021.261		18.551	0.031
RanInt_n960_ss_02.txt	2297408.00		2291610.000	3921.755		18.665	0.184
RanInt_n960_ss_03.txt	2295820.00		2292534.400	2301.812		18.547	0.062
RanInt_n960_ss_04.txt	2298516.00		2293774.000	4165.696		18.641	0.074
RanInt_n960_ss_05.txt	2302868.00		2291882.800	6591.586		18.554	0.090
RanInt_n960_ss_06.txt	2300760.00		2293692.800	5517.356		18.652	0.040
RanInt_n960_ss_07.txt	2301610.00		2297652.800	2475.370		18.573	0.037
RanInt_n960_ss_08.txt	2298586.00		2293838.800	3718.581		18.583	0.042
RanInt_n960_ss_09.txt	2292618.00		2290777.200	1841.253		18.631	0.176
RanInt_n960_ss_10.txt	2296282.00		2292065.200	2919.081		18.552	0.050
RanReal_n120_ds_01.txt	96922.99		95778.590	913.119		3.560	0.008
RanReal_n120_ds_02.txt	97683.08		96900.247	747.087		3.579	0.010
RanReal_n120_ds_03.txt	94583.71		93978.611	583.515		3.554	0.006
RanReal_n120_ds_04.txt	96816.08		95925.356	669.477		3.562	0.011
RanReal_n120_ds_05.txt	94498.60		93769.397	762.354		3.550	0.009
RanReal_n120_ds_06.txt	96100.85		95811.760	232.724		3.556	0.008
RanReal_n120_ds_07.txt	96234.19		95656.414	395.560		3.563	0.004
RanReal_n120_ds_08.txt	96428.32		95975.926	276.284		3.558	0.004
RanReal_n120_ds_09.txt	96633.43		95818.736	415.281		3.543	0.005
RanReal_n120_ds_10.txt	95003.35		94524.568	304.303		3.550	0.006
RanReal_n120_ss_01.txt	90823.45		90182.191	523.413		1.853	0.007
RanReal_n120_ss_02.txt	90275.98		89836.226	266.237		1.866	0.018
RanReal_n120_ss_03.txt	89930.78		89579.465	265.824		1.846	0.009
RanReal_n120_ss_04.txt	91041.93		90070.156	590.194		1.877	0.008
RanReal_n120_ss_05.txt	89711.59		89251.837	465.456		1.867	0.010
RanReal_n120_ss_06.txt	90629.30		89884.398	590.710		1.858	0.011
RanReal_n120_ss_07.txt	89265.75		88808.648	376.436		1.881	0.010
RanReal_n120_ss_08.txt	90699.86		90106.119	432.372		1.898	0.029
RanReal_n120_ss_09.txt	91193.77		90674.734	343.867		1.869	0.011
RanReal_n120_ss_10.txt	90062.39		89761.525	172.541		1.860	0.005
RanReal_n240_ds_01.txt	305864.63		303774.079	2023.765		7.679	0.013
RanReal_n240_ds_02.txt	306247.10		305435.930	723.154		7.727	0.009
RanReal_n240_ds_03.txt	305791.51		303789.683	1913.950		7.705	0.007
RanReal_n240_ds_04.txt	307339.58		306017.762	1096.242		7.690	0.011
RanReal_n240_ds_05.txt	304204.89		302734.819	941.376		7.670	0.033
RanReal_n240_ds_06.txt	307623.78		306482.546	961.545		7.711	0.019
RanReal_n240_ds_07.txt	304741.49		303462.024	994.060		10.372	0.020
RanReal_n240_ds_08.txt	302460.62		300937.823	1275.467		7.695	0.016
RanReal_n240_ds_09.txt	305420.32		303732.532	869.898		7.688	0.032
RanReal_n240_ds_10.txt	304714.15		303966.383	690.468		10.384	0.012
RanReal_n240_ss_01.txt	294935.53		293881.526	899.269		4.011	0.015
RanReal_n240_ss_02.txt	297174.83		295063.048	1401.411		4.042	0.013
RanReal_n240_ss_03.txt	296457.56		295276.835	794.469		4.026	0.015
RanReal_n240_ss_04.txt	296203.34		294406.467	1096.009		4.045	0.024
RanReal_n240_ss_05.txt	295612.80		294324.076	751.010		5.277	0.025
RanReal_n240_ss_06.txt	297359.58		296096.978	1072.545		4.015	0.013
RanReal_n240_ss_07.txt	295683.04		294705.012	555.940		4.025	0.016
RanReal_n240_ss_08.txt	296138.12		294804.536	774.001		4.020	0.014
RanReal_n240_ss_09.txt	295379.30		294041.103	970.409		4.018	0.016
RanReal_n240_ss_10.txt	296455.53		295469.571	755.364		5.280	0.013
RanReal_n480_ds_01.txt	729365.32		728517.546	681.080		16.236	0.040
RanReal_n480_ds_02.txt	729510.41		726498.208	2120.600		16.328	0.024
RanReal_n480_ds_03.txt	730816.47		728962.871	1443.027		16.288	0.032
RanReal_n480_ds_04.txt	732894.77		731550.573	1145.788		16.354	0.056
RanReal_n480_ds_05.txt	731197.85		727229.048	2258.337		16.261	0.050
RanReal_n480_ds_06.txt	732575.26		730170.600	1812.501		16.302	0.027
RanReal_n480_ds_07.txt	730674.39		728361.275	2151.419		16.295	0.035
RanReal_n480_ds_08.txt	732915.64		730832.821	1314.585		16.351	0.039
RanReal_n480_ds_09.txt	727981.93		727370.845	638.443		16.291	0.035
RanReal_n480_ds_10.txt	738720.53		736831.291	1239.525		16.378	0.029
RanReal_n480_ss_01.txt	709013.47		706322.152	1482.227		8.563	0.007
RanReal_n480_ss_02.txt	708669.95		706709.526	1116.271		8.568	0.034
RanReal_n480_ss_03.txt	711494.78		709761.578	1130.462		8.538	0.024
RanReal_n480_ss_04.txt	708112.59		705840.283	1688.864		8.555	0.022
RanReal_n480_ss_05.txt	709196.38		707516.430	1832.190		8.493	0.029
RanReal_n480_ss_06.txt	710731.22		709267.276	1126.405		8.526	0.033
RanReal_n480_ss_07.txt	709370.75		708093.422	1025.826		8.547	0.018
RanReal_n480_ss_08.txt	710262.85		706658.458	2154.463		8.560	0.037
RanReal_n480_ss_09.txt	707266.44		705916.922	1042.508		8.537	0.031
RanReal_n480_ss_10.txt	712337.02		709489.850	2176.587		8.531	0.018
RanReal_n960_ds_01.txt	2339323.13		2335032.164	2746.861		35.288	0.041
RanReal_n960_ds_02.txt	2338802.40		2335184.367	2427.023		35.440	0.021
RanReal_n960_ds_03.txt	2337858.47		2334980.540	2866.945		35.313	0.040
RanReal_n960_ds_04.txt	2343266.88		2338097.150	3234.212		35.382	0.046
RanReal_n960_ds_05.txt	2336014.59		2332389.258	4070.545		35.376	0.048
RanReal_n960_ds_06.txt	2332842.91		2327820.788	3411.322		35.418	0.034
RanReal_n960_ds_07.txt	2336947.50		2332320.810	2625.522		35.312	0.035
RanReal_n960_ds_08.txt	2334455.43		2331075.850	2150.365		35.440	0.062
RanReal_n960_ds_09.txt	2340959.44		2332620.726	4841.303		35.287	0.035
RanReal_n960_ds_10.txt	2341192.05		2338933.191	3037.340		35.474	0.079
RanReal_n960_ss_01.txt	2298038.76		2291977.966	3083.604		18.507	0.056
RanReal_n960_ss_02.txt	2289721.34		2286230.730	2453.359		18.518	0.029
RanReal_n960_ss_03.txt	2293810.63		2290175.790	3378.400		18.519	0.038
RanReal_n960_ss_04.txt	2290032.86		2287454.812	2496.912		18.562	0.057
RanReal_n960_ss_05.txt	2289357.19		2286433.556	2501.154		18.461	0.032
RanReal_n960_ss_06.txt	2291000.59		2287417.335	3069.596		18.510	0.041
RanReal_n960_ss_07.txt	2297956.74		2292013.398	4595.887		18.546	0.059
RanReal_n960_ss_08.txt	2293499.38		2286410.275	3811.920		18.626	0.064
RanReal_n960_ss_09.txt	2292441.99		2289989.074	2138.099		18.437	0.054
RanReal_n960_ss_10.txt	2293514.31		2291498.588	1716.272		18.629	0.053


############################WJ############################

Geo_n120_ds_01.txt	223034.28		221856.364	916.068		3.532	0.008
Geo_n120_ds_02.txt	123433.59		122806.952	490.456		3.555	0.022
Geo_n120_ds_03.txt	103665.80		103474.335	269.348		3.557	0.022
Geo_n120_ds_04.txt	161024.84		160839.589	154.623		3.573	0.027
Geo_n120_ds_05.txt	242398.12		240831.037	1830.867		3.601	0.062
Geo_n120_ds_06.txt	272552.39		271795.460	805.326		3.558	0.017
Geo_n120_ds_07.txt	216135.79		213703.759	1364.131		3.576	0.027
Geo_n120_ds_08.txt	175723.87		175634.798	73.162		3.597	0.042
Geo_n120_ds_09.txt	190109.02		189431.688	487.375		3.550	0.013
Geo_n120_ds_10.txt	130444.53		130072.614	241.190		3.573	0.020
Geo_n120_ss_01.txt	202746.55		202667.761	43.716		1.885	0.031
Geo_n120_ss_02.txt	109433.72		109409.893	19.270		1.873	0.014
Geo_n120_ss_03.txt	95070.32		95042.092	16.803		1.875	0.042
Geo_n120_ss_04.txt	146606.34		146541.875	50.271		1.854	0.018
Geo_n120_ss_05.txt	224633.18		224609.459	18.328		1.856	0.002
Geo_n120_ss_06.txt	250213.52		250106.019	84.789		1.864	0.009
Geo_n120_ss_07.txt	196381.08		196330.852	39.702		1.861	0.013
Geo_n120_ss_08.txt	159469.43		159368.993	72.870		1.881	0.015
Geo_n120_ss_09.txt	174013.12		173968.480	50.704		1.895	0.036
Geo_n120_ss_10.txt	120203.26		120124.810	52.023		1.885	0.036
Geo_n240_ds_01.txt	399717.60		399586.984	110.143		7.775	0.043
Geo_n240_ds_02.txt	694443.21		693103.875	679.480		7.773	0.056
Geo_n240_ds_03.txt	433192.01		432687.993	363.041		7.722	0.007
Geo_n240_ds_04.txt	525607.15		524082.203	1283.126		7.749	0.028
Geo_n240_ds_05.txt	624718.73		623771.708	1145.933		7.703	0.008
Geo_n240_ds_06.txt	714772.72		713534.194	1058.376		7.723	0.013
Geo_n240_ds_07.txt	681948.28		679233.362	1709.066		7.720	0.012
Geo_n240_ds_08.txt	261769.35		261713.830	33.461		7.727	0.021
Geo_n240_ds_09.txt	818915.12		817232.386	2270.500		7.712	0.017
Geo_n240_ds_10.txt	708371.55		707194.820	1347.626		7.722	0.012
Geo_n240_ss_01.txt	377072.07		377022.520	57.971		4.014	0.010
Geo_n240_ss_02.txt	659367.49		659296.467	44.560		4.045	0.011
Geo_n240_ss_03.txt	413407.24		413316.631	58.206		4.022	0.007
Geo_n240_ss_04.txt	491837.31		491745.708	47.888		4.032	0.009
Geo_n240_ss_05.txt	596308.13		596261.668	30.661		4.075	0.014
Geo_n240_ss_06.txt	676160.41		675897.494	132.041		4.098	0.024
Geo_n240_ss_07.txt	650876.57		650812.786	47.524		4.106	0.048
Geo_n240_ss_08.txt	253581.94		253561.424	20.391		4.091	0.014
Geo_n240_ss_09.txt	781590.64		781469.271	103.902		4.099	0.025
Geo_n240_ss_10.txt	677871.27		677712.500	129.414		4.037	0.012
Geo_n480_ds_01.txt	1161209.87		1159624.877	1985.612		16.337	0.012
Geo_n480_ds_02.txt	2173818.13		2171611.724	1654.560		16.365	0.022
Geo_n480_ds_03.txt	1324567.84		1323030.964	1997.577		16.307	0.028
Geo_n480_ds_04.txt	1668032.98		1665840.376	1707.629		16.366	0.032
Geo_n480_ds_05.txt	1970098.11		1966982.318	3323.089		16.270	0.017
Geo_n480_ds_06.txt	2017275.51		2012327.438	2823.089		16.329	0.025
Geo_n480_ds_07.txt	1724558.80		1722217.827	1949.905		16.301	0.045
Geo_n480_ds_08.txt	1171080.89		1169947.387	1080.990		16.340	0.062
Geo_n480_ds_09.txt	1331250.86		1329799.860	1107.381		16.360	0.025
Geo_n480_ds_10.txt	1865588.38		1860971.760	3613.183		16.381	0.043
Geo_n480_ss_01.txt	1102516.54		1102296.768	119.732		8.520	0.012
Geo_n480_ss_02.txt	2091664.24		2091555.300	108.815		8.587	0.031
Geo_n480_ss_03.txt	1264930.49		1264885.482	38.860		8.552	0.029
Geo_n480_ss_04.txt	1576818.14		1576529.684	152.121		8.569	0.039
Geo_n480_ss_05.txt	1888829.56		1888445.048	255.343		8.531	0.030
Geo_n480_ss_06.txt	1930156.36		1930013.619	123.217		8.515	0.027
Geo_n480_ss_07.txt	1652530.54		1652318.345	175.214		8.553	0.018
Geo_n480_ss_08.txt	1111407.92		1111244.417	114.952		8.596	0.057
Geo_n480_ss_09.txt	1270501.12		1270204.367	161.428		8.554	0.029
Geo_n480_ss_10.txt	1763837.52		1763706.388	91.314		8.578	0.036
Geo_n960_ds_01.txt	6717693.39		6714730.206	1906.660		35.331	0.031
Geo_n960_ds_02.txt	3441342.47		3438565.712	2029.317		35.458	0.041
Geo_n960_ds_03.txt	6689422.27		6684522.017	6503.989		35.373	0.039
Geo_n960_ds_04.txt	7233225.22		7230859.196	1727.413		35.478	0.057
Geo_n960_ds_05.txt	4675320.43		4674015.257	1448.516		35.339	0.056
Geo_n960_ds_06.txt	6292971.84		6290349.934	2591.969		35.476	0.077
Geo_n960_ds_07.txt	2600270.56		2598699.263	1750.710		35.366	0.066
Geo_n960_ds_08.txt	3440971.72		3439171.652	1208.813		35.454	0.043
Geo_n960_ds_09.txt	3788796.03		3786188.324	3623.639		35.372	0.091
Geo_n960_ds_10.txt	5226257.18		5223333.258	3002.925		35.460	0.018
Geo_n960_ss_01.txt	6501549.07		6501328.272	257.315		18.528	0.046
Geo_n960_ss_02.txt	3323719.32		3323537.556	111.567		18.617	0.038
Geo_n960_ss_03.txt	6496146.68		6495968.382	142.018		18.581	0.022
Geo_n960_ss_04.txt	7021702.61		7021298.131	217.515		18.627	0.060
Geo_n960_ss_05.txt	4524276.13		4524073.374	143.292		18.574	0.030
Geo_n960_ss_06.txt	6132206.74		6132146.216	45.262		18.550	0.026
Geo_n960_ss_07.txt	2513270.56		2513207.882	41.309		18.530	0.076
Geo_n960_ss_08.txt	3344326.70		3344186.005	92.072		18.581	0.016
Geo_n960_ss_09.txt	3666995.61		3666748.064	129.277		18.817	0.097
Geo_n960_ss_10.txt	5052250.19		5052011.683	196.371		18.665	0.114
RanInt_n120_ds_01.txt	97184.00		96598.400	461.629		3.612	0.043
RanInt_n120_ds_02.txt	98766.00		98068.000	468.688		3.589	0.014
RanInt_n120_ds_03.txt	96142.00		95382.800	558.106		3.561	0.020
RanInt_n120_ds_04.txt	96848.00		96166.400	419.232		3.594	0.020
RanInt_n120_ds_05.txt	95252.00		94638.400	397.668		3.597	0.021
RanInt_n120_ds_06.txt	95352.00		94818.400	501.204		3.546	0.003
RanInt_n120_ds_07.txt	95612.00		94801.200	696.847		3.576	0.013
RanInt_n120_ds_08.txt	95840.00		95324.800	341.925		3.594	0.027
RanInt_n120_ds_09.txt	96178.00		95631.200	604.767		3.551	0.006
RanInt_n120_ds_10.txt	96088.00		95334.800	673.605		3.591	0.005
RanInt_n120_ss_01.txt	92184.00		91333.200	690.220		1.870	0.007
RanInt_n120_ss_02.txt	91742.00		90683.600	663.884		1.883	0.012
RanInt_n120_ss_03.txt	91006.00		90163.600	467.226		1.898	0.025
RanInt_n120_ss_04.txt	91096.00		90409.200	524.018		1.912	0.023
RanInt_n120_ss_05.txt	90600.00		90046.400	464.392		1.862	0.008
RanInt_n120_ss_06.txt	90554.00		89246.000	778.273		1.864	0.013
RanInt_n120_ss_07.txt	91292.00		90190.800	570.484		1.883	0.023
RanInt_n120_ss_08.txt	91738.00		90927.600	612.780		1.892	0.020
RanInt_n120_ss_09.txt	91040.00		90205.600	628.885		1.888	0.018
RanInt_n120_ss_10.txt	91178.00		90399.200	562.818		1.863	0.009
RanInt_n240_ds_01.txt	306934.00		304589.600	1379.466		7.729	0.052
RanInt_n240_ds_02.txt	306018.00		304478.800	1016.945		7.780	0.053
RanInt_n240_ds_03.txt	305696.00		304469.200	955.070		7.689	0.010
RanInt_n240_ds_04.txt	309596.00		307790.800	994.379		7.826	0.045
RanInt_n240_ds_05.txt	307528.00		305513.600	1942.902		7.758	0.021
RanInt_n240_ds_06.txt	307398.00		306164.000	1234.662		7.701	0.026
RanInt_n240_ds_07.txt	305114.00		303969.600	1143.897		7.715	0.055
RanInt_n240_ds_08.txt	302810.00		301338.000	1051.695		7.850	0.073
RanInt_n240_ds_09.txt	305058.00		303510.000	904.326		7.740	0.016
RanInt_n240_ds_10.txt	305082.00		303968.400	583.510		7.736	0.021
RanInt_n240_ss_01.txt	296056.00		295042.400	837.300		4.047	0.014
RanInt_n240_ss_02.txt	296300.00		295018.800	1001.616		4.075	0.006
RanInt_n240_ss_03.txt	298394.00		296124.800	1420.241		4.029	0.010
RanInt_n240_ss_04.txt	297784.00		296288.400	898.154		4.037	0.010
RanInt_n240_ss_05.txt	297844.00		295280.800	1470.170		4.019	0.012
RanInt_n240_ss_06.txt	296900.00		295746.000	718.482		4.078	0.017
RanInt_n240_ss_07.txt	296814.00		295505.600	1098.787		4.041	0.019
RanInt_n240_ss_08.txt	296366.00		294882.400	853.916		4.025	0.016
RanInt_n240_ss_09.txt	297368.00		294634.000	1405.539		4.049	0.029
RanInt_n240_ss_10.txt	297254.00		295614.000	909.879		4.075	0.012
RanInt_n480_ds_01.txt	734378.00		733287.200	670.915		16.317	0.029
RanInt_n480_ds_02.txt	732130.00		729886.400	1750.901		16.409	0.032
RanInt_n480_ds_03.txt	730008.00		728420.400	1432.787		16.322	0.023
RanInt_n480_ds_04.txt	741852.00		737303.200	2451.832		16.623	0.148
RanInt_n480_ds_05.txt	730322.00		729159.600	1047.265		16.478	0.046
RanInt_n480_ds_06.txt	732510.00		730654.000	1385.873		16.408	0.040
RanInt_n480_ds_07.txt	731678.00		729155.600	1519.753		16.308	0.023
RanInt_n480_ds_08.txt	735648.00		732610.000	2439.299		16.340	0.064
RanInt_n480_ds_09.txt	728958.00		727966.400	1033.233		16.591	0.162
RanInt_n480_ds_10.txt	742728.00		738455.200	2356.093		16.517	0.047
RanInt_n480_ss_01.txt	712530.00		711738.800	582.449		8.540	0.040
RanInt_n480_ss_02.txt	710878.00		710102.800	612.351		8.537	0.012
RanInt_n480_ss_03.txt	709146.00		708511.600	576.141		8.547	0.027
RanInt_n480_ss_04.txt	711112.00		708722.000	1779.720		8.653	0.032
RanInt_n480_ss_05.txt	711200.00		709933.600	883.607		8.619	0.018
RanInt_n480_ss_06.txt	713168.00		711678.400	1373.437		8.555	0.016
RanInt_n480_ss_07.txt	711178.00		708815.600	1566.842		8.530	0.025
RanInt_n480_ss_08.txt	711590.00		709722.000	1281.232		8.555	0.034
RanInt_n480_ss_09.txt	712938.00		708210.000	3273.215		8.625	0.033
RanInt_n480_ss_10.txt	714308.00		711252.800	1623.892		8.639	0.023
RanInt_n960_ds_01.txt	2347386.00		2342631.200	3812.449		35.446	0.055
RanInt_n960_ds_02.txt	2338860.00		2335190.400	2467.770		35.521	0.046
RanInt_n960_ds_03.txt	2345762.00		2336771.200	5427.059		35.472	0.082
RanInt_n960_ds_04.txt	2348296.00		2342011.600	3573.539		36.431	0.197
RanInt_n960_ds_05.txt	2342782.00		2338104.400	3684.869		35.992	0.099
RanInt_n960_ds_06.txt	2338400.00		2333093.600	2899.524		35.925	0.106
RanInt_n960_ds_07.txt	2344524.00		2338967.600	5429.940		35.620	0.070
RanInt_n960_ds_08.txt	2338024.00		2335099.600	2414.460		35.588	0.045
RanInt_n960_ds_09.txt	2341554.00		2337293.600	2549.641		36.277	0.283
RanInt_n960_ds_10.txt	2341772.00		2337591.600	3387.089		36.091	0.175
RanInt_n960_ss_01.txt	2297268.00		2294224.800	3221.013		18.585	0.040
RanInt_n960_ss_02.txt	2293364.00		2290565.200	1741.273		18.677	0.037
RanInt_n960_ss_03.txt	2298818.00		2293582.400	3870.069		18.661	0.060
RanInt_n960_ss_04.txt	2300560.00		2296318.800	2877.726		18.985	0.099
RanInt_n960_ss_05.txt	2296906.00		2293690.000	2055.898		18.788	0.019
RanInt_n960_ss_06.txt	2296820.00		2293920.800	1659.265		18.618	0.045
RanInt_n960_ss_07.txt	2304538.00		2299646.800	2866.360		18.595	0.045
RanInt_n960_ss_08.txt	2296618.00		2292869.600	2976.295		18.648	0.066
RanInt_n960_ss_09.txt	2293754.00		2289023.600	3242.463		18.887	0.123
RanInt_n960_ss_10.txt	2294274.00		2291259.600	2433.188		18.903	0.110
RanReal_n120_ds_01.txt	96903.11		95946.636	540.044		3.562	0.032
RanReal_n120_ds_02.txt	97418.83		96618.662	779.497		3.556	0.006
RanReal_n120_ds_03.txt	95010.20		94558.415	397.724		3.582	0.019
RanReal_n120_ds_04.txt	97174.90		95587.791	856.205		3.709	0.036
RanReal_n120_ds_05.txt	94512.28		93888.346	416.738		3.613	0.034
RanReal_n120_ds_06.txt	95636.58		95295.903	322.283		3.632	0.049
RanReal_n120_ds_07.txt	95898.54		95134.243	641.204		3.561	0.034
RanReal_n120_ds_08.txt	96284.55		95935.599	332.551		3.568	0.006
RanReal_n120_ds_09.txt	96394.77		95860.060	567.891		3.540	0.009
RanReal_n120_ds_10.txt	94230.18		93820.847	293.775		3.560	0.004
RanReal_n120_ss_01.txt	91013.68		89843.035	657.671		1.879	0.031
RanReal_n120_ss_02.txt	91068.23		90014.964	658.865		1.858	0.011
RanReal_n120_ss_03.txt	90805.13		90308.340	475.300		1.866	0.008
RanReal_n120_ss_04.txt	91248.16		90393.056	500.653		1.869	0.010
RanReal_n120_ss_05.txt	90077.26		89481.660	483.543		1.874	0.010
RanReal_n120_ss_06.txt	90454.81		89728.302	573.525		1.859	0.010
RanReal_n120_ss_07.txt	90896.72		89822.256	557.530		1.877	0.037
RanReal_n120_ss_08.txt	91034.81		90586.456	253.937		1.864	0.008
RanReal_n120_ss_09.txt	92070.83		91319.022	495.233		1.861	0.014
RanReal_n120_ss_10.txt	90300.88		89515.213	785.917		1.862	0.009
RanReal_n240_ds_01.txt	304709.03		303894.387	718.829		10.419	0.011
RanReal_n240_ds_02.txt	307224.63		305802.105	1536.947		7.737	0.059
RanReal_n240_ds_03.txt	303224.13		302910.438	308.649		7.750	0.012
RanReal_n240_ds_04.txt	307863.18		306740.084	779.020		7.742	0.025
RanReal_n240_ds_05.txt	303458.32		302445.698	700.935		7.781	0.008
RanReal_n240_ds_06.txt	307786.16		306869.002	645.251		7.749	0.051
RanReal_n240_ds_07.txt	305806.06		303762.402	1475.453		7.809	0.036
RanReal_n240_ds_08.txt	301781.87		300838.158	785.505		7.720	0.012
RanReal_n240_ds_09.txt	305770.65		304068.792	1207.115		7.753	0.042
RanReal_n240_ds_10.txt	303266.95		303014.925	213.155		10.398	0.015
RanReal_n240_ss_01.txt	296397.54		294613.310	1045.520		4.101	0.029
RanReal_n240_ss_02.txt	296415.63		294990.276	1314.903		4.070	0.017
RanReal_n240_ss_03.txt	295658.40		294545.461	665.734		4.040	0.021
RanReal_n240_ss_04.txt	296442.93		295091.988	1116.161		4.025	0.019
RanReal_n240_ss_05.txt	296117.24		293492.639	1460.286		5.308	0.029
RanReal_n240_ss_06.txt	298526.40		296693.224	1376.858		4.025	0.009
RanReal_n240_ss_07.txt	297336.75		294677.410	1529.445		5.298	0.029
RanReal_n240_ss_08.txt	295324.05		294164.601	1222.599		4.015	0.028
RanReal_n240_ss_09.txt	295921.45		294846.343	828.690		4.055	0.017
RanReal_n240_ss_10.txt	295705.43		294614.240	764.607		4.051	0.015
RanReal_n480_ds_01.txt	730667.83		728143.803	1744.532		16.456	0.038
RanReal_n480_ds_02.txt	730103.15		726442.178	3105.927		16.424	0.011
RanReal_n480_ds_03.txt	728115.86		726895.620	926.842		16.514	0.100
RanReal_n480_ds_04.txt	735102.53		732349.977	1816.820		16.595	0.133
RanReal_n480_ds_05.txt	731256.57		728263.878	1501.024		16.373	0.039
RanReal_n480_ds_06.txt	732211.33		729696.932	2587.263		16.452	0.051
RanReal_n480_ds_07.txt	729837.31		729213.994	481.084		16.363	0.053
RanReal_n480_ds_08.txt	734681.09		731978.348	2028.527		16.496	0.075
RanReal_n480_ds_09.txt	730216.14		727912.176	2491.440		16.635	0.009
RanReal_n480_ds_10.txt	737563.09		735406.838	1813.480		16.423	0.017
RanReal_n480_ss_01.txt	709230.18		706258.131	1527.938		8.605	0.038
RanReal_n480_ss_02.txt	708050.00		706257.640	1631.174		8.580	0.017
RanReal_n480_ss_03.txt	711066.88		708049.208	1731.251		8.639	0.049
RanReal_n480_ss_04.txt	707886.76		706545.053	1666.343		8.715	0.055
RanReal_n480_ss_05.txt	712013.79		706960.277	2853.062		8.586	0.017
RanReal_n480_ss_06.txt	709958.45		709027.648	571.008		8.626	0.060
RanReal_n480_ss_07.txt	712056.12		709599.023	1818.212		8.595	0.041
RanReal_n480_ss_08.txt	708520.92		706762.612	1801.081		8.673	0.067
RanReal_n480_ss_09.txt	708789.36		706791.654	1285.164		8.703	0.076
RanReal_n480_ss_10.txt	710483.52		708845.416	1801.633		8.576	0.029
RanReal_n960_ds_01.txt	2341849.45		2338197.052	2266.742		35.954	0.167
RanReal_n960_ds_02.txt	2341740.04		2337124.264	3771.559		35.714	0.116
RanReal_n960_ds_03.txt	2335912.85		2332805.916	1836.934		35.921	0.043
RanReal_n960_ds_04.txt	2340991.20		2337211.930	2098.005		36.029	0.145
RanReal_n960_ds_05.txt	2338669.44		2333173.207	4286.856		35.601	0.101
RanReal_n960_ds_06.txt	2335078.55		2331016.866	2691.047		35.808	0.041
RanReal_n960_ds_07.txt	2340823.51		2335935.959	4137.673		35.445	0.052
RanReal_n960_ds_08.txt	2334211.01		2332204.343	1684.907		35.777	0.045
RanReal_n960_ds_09.txt	2334080.87		2330887.193	1754.838		35.756	0.055
RanReal_n960_ds_10.txt	2341488.88		2334689.528	4113.086		35.595	0.065
RanReal_n960_ss_01.txt	2292213.02		2288994.313	2628.359		18.697	0.041
RanReal_n960_ss_02.txt	2298525.50		2293285.228	2792.808		18.647	0.033
RanReal_n960_ss_03.txt	2294797.03		2288773.374	3447.523		18.697	0.047
RanReal_n960_ss_04.txt	2296815.75		2290475.752	4339.558		18.791	0.047
RanReal_n960_ss_05.txt	2289093.16		2287776.800	1848.147		18.641	0.038
RanReal_n960_ss_06.txt	2293592.39		2288889.734	4149.574		18.706	0.092
RanReal_n960_ss_07.txt	2292611.55		2289693.734	2636.404		18.635	0.043
RanReal_n960_ss_08.txt	2290343.42		2285296.426	2651.430		18.693	0.027
RanReal_n960_ss_09.txt	2293714.97		2287707.735	3186.674		18.737	0.052
RanReal_n960_ss_10.txt	2294262.11		2291527.877	2832.642		18.702	0.058


############################GRASP############################

Geo_n120_ds_01.txt	222833.04		222116.254	770.906		5.147	0.202
Geo_n120_ds_02.txt	123371.34		122409.260	848.924		5.085	0.072
Geo_n120_ds_03.txt	103817.90		103169.743	468.423		5.078	0.135
Geo_n120_ds_04.txt	160990.07		160583.273	472.169		5.029	0.052
Geo_n120_ds_05.txt	242319.70		240044.208	1901.752		4.987	0.042
Geo_n120_ds_06.txt	271866.36		271098.542	395.710		4.978	0.037
Geo_n120_ds_07.txt	216243.25		214392.515	1546.198		4.968	0.046
Geo_n120_ds_08.txt	175828.48		175541.654	154.792		4.983	0.041
Geo_n120_ds_09.txt	190035.96		189147.752	873.670		4.991	0.044
Geo_n120_ds_10.txt	130630.82		130429.028	249.340		4.988	0.020
Geo_n120_ss_01.txt	202787.98		202691.438	100.957		2.651	0.041
Geo_n120_ss_02.txt	109489.02		109424.220	32.946		2.642	0.017
Geo_n120_ss_03.txt	95061.70		95033.312	19.799		2.659	0.035
Geo_n120_ss_04.txt	146643.13		146545.344	76.115		2.671	0.028
Geo_n120_ss_05.txt	224720.45		224603.223	71.738		2.652	0.031
Geo_n120_ss_06.txt	250114.88		250059.354	47.500		2.662	0.032
Geo_n120_ss_07.txt	196436.36		196370.006	58.360		2.657	0.023
Geo_n120_ss_08.txt	159485.71		159405.420	86.732		2.655	0.029
Geo_n120_ss_09.txt	174020.42		173970.162	45.042		2.639	0.023
Geo_n120_ss_10.txt	120221.57		120153.317	55.152		2.638	0.027
Geo_n240_ds_01.txt	399903.65		399515.049	240.658		10.770	0.050
Geo_n240_ds_02.txt	693339.07		692867.764	266.682		10.818	0.053
Geo_n240_ds_03.txt	433137.95		432852.288	257.151		10.704	0.088
Geo_n240_ds_04.txt	525703.76		524597.076	945.462		10.808	0.082
Geo_n240_ds_05.txt	624804.64		623576.644	1237.950		10.772	0.049
Geo_n240_ds_06.txt	714705.42		713993.111	943.393		10.802	0.052
Geo_n240_ds_07.txt	681337.00		678255.589	2620.210		10.839	0.068
Geo_n240_ds_08.txt	261760.03		261697.436	57.519		10.860	0.025
Geo_n240_ds_09.txt	818469.59		818057.292	567.584		10.791	0.058
Geo_n240_ds_10.txt	708425.41		706333.528	1544.672		10.845	0.041
Geo_n240_ss_01.txt	377133.45		377047.212	70.252		5.766	0.063
Geo_n240_ss_02.txt	659394.95		659289.316	99.014		5.749	0.070
Geo_n240_ss_03.txt	413426.87		413378.436	43.435		5.724	0.053
Geo_n240_ss_04.txt	491887.40		491777.174	108.901		5.744	0.040
Geo_n240_ss_05.txt	596333.55		596184.778	116.143		5.725	0.036
Geo_n240_ss_06.txt	676101.86		675843.400	171.888		5.733	0.040
Geo_n240_ss_07.txt	650920.66		650749.810	158.183		5.716	0.039
Geo_n240_ss_08.txt	253587.49		253567.154	14.160		5.783	0.038
Geo_n240_ss_09.txt	781548.99		781374.561	129.192		5.725	0.038
Geo_n240_ss_10.txt	677901.04		677732.260	129.685		5.741	0.045
Geo_n480_ds_01.txt	1161293.62		1159087.397	1535.759		22.665	0.108
Geo_n480_ds_02.txt	2173791.03		2171310.720	2503.721		22.754	0.069
Geo_n480_ds_03.txt	1324739.66		1323898.732	1173.740		22.522	0.042
Geo_n480_ds_04.txt	1667552.78		1664993.177	1781.342		22.666	0.088
Geo_n480_ds_05.txt	1971097.75		1967671.272	3489.404		22.510	0.036
Geo_n480_ds_06.txt	2018951.53		2016669.912	2265.965		22.524	0.025
Geo_n480_ds_07.txt	1724524.94		1722326.600	1969.795		22.600	0.117
Geo_n480_ds_08.txt	1172269.18		1171359.272	748.019		22.660	0.074
Geo_n480_ds_09.txt	1331224.04		1330015.474	1219.435		22.530	0.087
Geo_n480_ds_10.txt	1870150.96		1865287.136	2645.028		22.595	0.095
Geo_n480_ss_01.txt	1102359.73		1102247.936	105.519		11.917	0.045
Geo_n480_ss_02.txt	2091684.55		2091492.218	117.554		11.960	0.047
Geo_n480_ss_03.txt	1265196.32		1265120.932	79.187		11.969	0.080
Geo_n480_ss_04.txt	1576727.09		1576561.262	123.776		12.031	0.069
Geo_n480_ss_05.txt	1888891.66		1888775.898	90.194		12.016	0.061
Geo_n480_ss_06.txt	1930217.53		1930009.655	155.295		12.001	0.042
Geo_n480_ss_07.txt	1652363.32		1652229.310	86.109		12.008	0.063
Geo_n480_ss_08.txt	1111254.76		1111059.730	125.531		12.040	0.064
Geo_n480_ss_09.txt	1270481.58		1270191.947	168.523		11.953	0.038
Geo_n480_ss_10.txt	1763986.58		1763699.698	175.305		12.038	0.064
Geo_n960_ds_01.txt	6716915.40		6714584.741	1499.669		49.038	0.109
Geo_n960_ds_02.txt	3441810.95		3438126.912	2708.816		49.202	0.095
Geo_n960_ds_03.txt	6689732.38		6682476.808	7186.854		48.885	0.107
Geo_n960_ds_04.txt	7233517.70		7231534.885	1786.851		49.010	0.201
Geo_n960_ds_05.txt	4675674.08		4675338.175	308.016		49.042	0.171
Geo_n960_ds_06.txt	6293379.57		6291806.722	1379.046		49.277	0.081
Geo_n960_ds_07.txt	2600327.04		2598215.279	2442.319		49.057	0.173
Geo_n960_ds_08.txt	3441469.49		3440975.420	484.488		49.095	0.147
Geo_n960_ds_09.txt	3788410.15		3786771.610	1323.711		48.945	0.124
Geo_n960_ds_10.txt	5225892.77		5225504.329	285.535		49.184	0.058
Geo_n960_ss_01.txt	6501601.70		6501447.094	169.785		25.914	0.096
Geo_n960_ss_02.txt	3323609.65		3323469.711	107.258		26.110	0.102
Geo_n960_ss_03.txt	6496130.97		6495759.747	268.739		26.054	0.155
Geo_n960_ss_04.txt	7021717.18		7021379.917	274.030		26.098	0.132
Geo_n960_ss_05.txt	4524310.25		4524196.930	85.912		25.993	0.070
Geo_n960_ss_06.txt	6132390.36		6132023.441	186.852		26.077	0.057
Geo_n960_ss_07.txt	2513232.00		2513137.830	65.799		26.060	0.069
Geo_n960_ss_08.txt	3344289.83		3344203.837	60.331		26.076	0.105
Geo_n960_ss_09.txt	3666810.20		3666673.929	118.190		26.154	0.098
Geo_n960_ss_10.txt	5052130.79		5051948.295	92.999		26.186	0.097
RanInt_n120_ds_01.txt	98808.00		97236.800	874.450		4.981	0.024
RanInt_n120_ds_02.txt	99196.00		97642.400	804.576		4.968	0.045
RanInt_n120_ds_03.txt	95440.00		95047.200	411.422		4.984	0.025
RanInt_n120_ds_04.txt	96512.00		95736.400	612.514		4.961	0.040
RanInt_n120_ds_05.txt	95676.00		95056.800	382.833		4.965	0.031
RanInt_n120_ds_06.txt	95570.00		94706.800	483.564		4.994	0.021
RanInt_n120_ds_07.txt	96038.00		95506.000	466.601		5.006	0.025
RanInt_n120_ds_08.txt	97314.00		96112.800	733.590		4.996	0.031
RanInt_n120_ds_09.txt	96228.00		95532.400	680.135		4.913	0.018
RanInt_n120_ds_10.txt	96420.00		95201.200	964.822		4.994	0.041
RanInt_n120_ss_01.txt	91490.00		91134.800	456.694		2.706	0.048
RanInt_n120_ss_02.txt	91388.00		91117.200	187.444		2.653	0.023
RanInt_n120_ss_03.txt	91084.00		90226.400	623.586		2.648	0.030
RanInt_n120_ss_04.txt	90470.00		90114.000	242.068		2.641	0.017
RanInt_n120_ss_05.txt	90832.00		90128.800	393.570		2.663	0.019
RanInt_n120_ss_06.txt	89834.00		89235.600	459.082		2.647	0.009
RanInt_n120_ss_07.txt	90932.00		89971.600	534.757		2.658	0.029
RanInt_n120_ss_08.txt	90896.00		90285.600	622.754		2.660	0.023
RanInt_n120_ss_09.txt	91776.00		91042.400	445.438		2.648	0.028
RanInt_n120_ss_10.txt	91620.00		90918.400	433.134		2.649	0.041
RanInt_n240_ds_01.txt	307582.00		304942.800	1641.151		10.731	0.057
RanInt_n240_ds_02.txt	306256.00		305373.200	726.563		10.755	0.039
RanInt_n240_ds_03.txt	304838.00		303836.400	656.155		10.710	0.027
RanInt_n240_ds_04.txt	309806.00		308356.400	1084.277		10.705	0.046
RanInt_n240_ds_05.txt	306460.00		304662.400	1009.784		10.692	0.063
RanInt_n240_ds_06.txt	306850.00		305671.600	912.915		10.705	0.063
RanInt_n240_ds_07.txt	305526.00		304058.400	850.396		10.686	0.056
RanInt_n240_ds_08.txt	302212.00		300684.800	944.658		10.675	0.038
RanInt_n240_ds_09.txt	304400.00		303516.400	656.874		10.719	0.023
RanInt_n240_ds_10.txt	305920.00		304089.600	1395.307		10.757	0.045
RanInt_n240_ss_01.txt	296314.00		295016.400	1203.178		5.706	0.032
RanInt_n240_ss_02.txt	296286.00		294693.200	1326.583		5.680	0.059
RanInt_n240_ss_03.txt	298016.00		296552.000	1091.605		5.722	0.048
RanInt_n240_ss_04.txt	298750.00		296514.000	1135.461		5.709	0.034
RanInt_n240_ss_05.txt	298612.00		296760.400	1556.663		5.733	0.052
RanInt_n240_ss_06.txt	295982.00		294685.600	1346.662		5.696	0.061
RanInt_n240_ss_07.txt	296040.00		295400.000	424.775		5.702	0.034
RanInt_n240_ss_08.txt	296660.00		295289.600	805.812		5.730	0.034
RanInt_n240_ss_09.txt	296402.00		295562.000	638.606		5.711	0.032
RanInt_n240_ss_10.txt	296468.00		295376.800	639.038		5.718	0.043
RanInt_n480_ds_01.txt	735236.00		731535.200	2101.886		22.477	0.099
RanInt_n480_ds_02.txt	731528.00		728982.400	2333.816		22.640	0.112
RanInt_n480_ds_03.txt	731616.00		728179.600	2894.183		21.868	0.430
RanInt_n480_ds_04.txt	736454.00		735183.200	1106.217		21.709	0.177
RanInt_n480_ds_05.txt	732216.00		730684.000	1797.237		21.734	0.332
RanInt_n480_ds_06.txt	733256.00		729808.000	2577.916		21.633	0.112
RanInt_n480_ds_07.txt	732592.00		728842.000	2133.449		22.073	0.348
RanInt_n480_ds_08.txt	735396.00		732492.400	2070.228		16.605	0.054
RanInt_n480_ds_09.txt	732154.00		727438.800	2531.989		16.521	0.021
RanInt_n480_ds_10.txt	739870.00		738315.600	1244.140		16.760	0.231
RanInt_n480_ss_01.txt	712308.00		710875.600	1543.483		9.170	0.347
RanInt_n480_ss_02.txt	712202.00		710064.000	1200.638		9.084	0.240
RanInt_n480_ss_03.txt	712384.00		710072.400	1471.181		9.074	0.239
RanInt_n480_ss_04.txt	712434.00		707745.600	2728.789		9.200	0.184
RanInt_n480_ss_05.txt	710916.00		709049.200	1315.633		10.026	0.153
RanInt_n480_ss_06.txt	711794.00		709732.400	1678.465		9.804	0.896
RanInt_n480_ss_07.txt	712760.00		710493.200	2249.995		9.190	0.408
RanInt_n480_ss_08.txt	714124.00		710284.800	2731.289		9.091	0.155
RanInt_n480_ss_09.txt	714166.00		708831.600	3624.858		9.142	0.276
RanInt_n480_ss_10.txt	714174.00		711224.400	1754.047		9.852	0.319
RanInt_n960_ds_01.txt	2345630.00		2339813.200	4406.117		36.574	0.447
RanInt_n960_ds_02.txt	2337752.00		2334795.600	2036.703		36.223	0.193
RanInt_n960_ds_03.txt	2341188.00		2337596.800	2624.087		36.956	1.046
RanInt_n960_ds_04.txt	2344284.00		2338567.600	3151.477		36.909	0.690
RanInt_n960_ds_05.txt	2342152.00		2336932.000	3019.172		37.187	0.434
RanInt_n960_ds_06.txt	2338116.00		2334223.200	2609.201		36.950	0.368
RanInt_n960_ds_07.txt	2346976.00		2342301.200	3309.231		36.098	0.210
RanInt_n960_ds_08.txt	2340338.00		2334717.200	4151.797		37.786	0.526
RanInt_n960_ds_09.txt	2339910.00		2337246.800	2879.298		36.965	1.151
RanInt_n960_ds_10.txt	2345736.00		2339756.400	4660.464		36.368	0.187
RanInt_n960_ss_01.txt	2297640.00		2294519.600	2665.881		19.961	0.176
RanInt_n960_ss_02.txt	2299928.00		2292739.600	5150.142		19.749	0.154
RanInt_n960_ss_03.txt	2299056.00		2296515.600	1735.004		20.132	0.208
RanInt_n960_ss_04.txt	2295890.00		2293619.200	2330.412		20.198	0.069
RanInt_n960_ss_05.txt	2297298.00		2291412.000	3268.702		20.300	0.192
RanInt_n960_ss_06.txt	2298072.00		2293738.000	2458.573		20.293	0.371
RanInt_n960_ss_07.txt	2296482.00		2292889.200	2043.383		20.498	0.053
RanInt_n960_ss_08.txt	2296672.00		2294033.600	1942.511		20.578	0.208
RanInt_n960_ss_09.txt	2294024.00		2290486.400	2923.891		20.452	0.222
RanInt_n960_ss_10.txt	2297530.00		2291894.400	3366.617		20.506	0.232
RanReal_n120_ds_01.txt	96705.53		95814.739	855.110		3.735	0.178
RanReal_n120_ds_02.txt	97286.94		96662.404	444.737		3.921	0.229
RanReal_n120_ds_03.txt	95556.72		95084.940	259.358		3.720	0.178
RanReal_n120_ds_04.txt	96177.54		95270.611	541.964		3.817	0.226
RanReal_n120_ds_05.txt	94775.78		94150.500	399.318		3.996	0.183
RanReal_n120_ds_06.txt	96758.55		95360.882	829.828		3.911	0.230
RanReal_n120_ds_07.txt	95654.53		94800.335	481.987		3.904	0.227
RanReal_n120_ds_08.txt	96593.85		95833.404	671.296		3.750	0.178
RanReal_n120_ds_09.txt	96203.14		95640.285	507.233		3.929	0.220
RanReal_n120_ds_10.txt	94959.61		94215.774	763.158		3.916	0.223
RanReal_n120_ss_01.txt	91305.52		90455.578	738.175		2.223	0.137
RanReal_n120_ss_02.txt	90289.15		89732.230	493.077		2.226	0.158
RanReal_n120_ss_03.txt	90426.31		90204.916	125.135		2.195	0.107
RanReal_n120_ss_04.txt	91247.82		90416.346	599.119		2.170	0.179
RanReal_n120_ss_05.txt	89610.47		89099.638	439.921		2.203	0.083
RanReal_n120_ss_06.txt	90839.58		90300.320	354.812		2.233	0.194
RanReal_n120_ss_07.txt	89997.57		89566.987	434.607		2.223	0.110
RanReal_n120_ss_08.txt	90995.48		90055.650	767.315		2.157	0.170
RanReal_n120_ss_09.txt	91720.72		90858.700	618.319		2.172	0.127
RanReal_n120_ss_10.txt	90255.78		89878.219	278.921		2.217	0.146
RanReal_n240_ds_01.txt	305852.35		304321.048	1364.106		8.574	0.178
RanReal_n240_ds_02.txt	307790.82		306619.865	1019.321		8.770	0.203
RanReal_n240_ds_03.txt	304196.18		303498.486	824.922		8.768	0.204
RanReal_n240_ds_04.txt	309355.57		306726.556	1562.779		8.892	0.130
RanReal_n240_ds_05.txt	303499.65		302529.974	836.268		8.846	0.099
RanReal_n240_ds_06.txt	308086.64		306593.386	1375.105		8.909	0.096
RanReal_n240_ds_07.txt	304881.73		303366.004	834.604		8.798	0.221
RanReal_n240_ds_08.txt	302320.64		300416.870	1346.562		8.890	0.107
RanReal_n240_ds_09.txt	304786.91		303439.657	809.792		8.848	0.122
RanReal_n240_ds_10.txt	304002.10		302794.070	750.738		8.861	0.092
RanReal_n240_ss_01.txt	296388.13		294395.655	1653.670		4.737	0.113
RanReal_n240_ss_02.txt	298043.63		296287.809	1133.224		4.749	0.083
RanReal_n240_ss_03.txt	295994.18		295060.120	749.147		4.686	0.076
RanReal_n240_ss_04.txt	295494.18		294108.773	723.050		4.739	0.098
RanReal_n240_ss_05.txt	293725.73		292516.594	656.456		4.744	0.087
RanReal_n240_ss_06.txt	296322.29		295419.502	891.202		4.823	0.124
RanReal_n240_ss_07.txt	295394.51		294537.000	1198.545		4.842	0.101
RanReal_n240_ss_08.txt	295475.15		294238.762	635.643		4.854	0.093
RanReal_n240_ss_09.txt	293905.20		293417.326	329.165		5.262	0.721
RanReal_n240_ss_10.txt	296611.86		294860.929	1199.252		5.094	0.243
RanReal_n480_ds_01.txt	730149.54		728324.311	1884.992		18.456	0.723
RanReal_n480_ds_02.txt	726574.35		725695.904	1147.195		19.859	2.231
RanReal_n480_ds_03.txt	730682.88		728200.887	1482.698		24.615	0.595
RanReal_n480_ds_04.txt	734293.87		731688.013	2290.571		25.365	0.362
RanReal_n480_ds_05.txt	730496.03		728283.916	1649.602		25.223	0.416
RanReal_n480_ds_06.txt	733259.12		731565.698	1319.644		25.476	0.562
RanReal_n480_ds_07.txt	731515.34		728553.936	1811.512		25.786	0.168
RanReal_n480_ds_08.txt	732982.12		730858.544	1208.907		25.541	0.388
RanReal_n480_ds_09.txt	731689.41		727452.296	2682.002		25.491	0.572
RanReal_n480_ds_10.txt	737398.79		735414.263	1629.026		25.672	0.429
RanReal_n480_ss_01.txt	709086.29		706455.570	1655.280		13.397	0.240
RanReal_n480_ss_02.txt	709995.72		707293.836	2208.537		14.040	0.202
RanReal_n480_ss_03.txt	711694.42		708865.164	1633.386		13.781	0.171
RanReal_n480_ss_04.txt	706680.83		705046.067	999.985		13.566	0.240
RanReal_n480_ss_05.txt	709512.66		707476.694	2156.789		13.702	0.311
RanReal_n480_ss_06.txt	709815.74		709081.038	699.397		13.986	0.180
RanReal_n480_ss_07.txt	710669.23		707900.135	1639.169		13.446	0.203
RanReal_n480_ss_08.txt	707448.63		706583.056	569.617		14.059	0.237
RanReal_n480_ss_09.txt	707667.30		707103.098	475.972		13.786	0.319
RanReal_n480_ss_10.txt	710948.58		710149.840	730.928		13.756	0.340
RanReal_n960_ds_01.txt	2343713.25		2339420.708	3731.650		54.867	0.756
RanReal_n960_ds_02.txt	2339816.06		2337252.256	1384.197		55.621	0.593
RanReal_n960_ds_03.txt	2341912.03		2336323.560	4132.454		55.586	0.903
RanReal_n960_ds_04.txt	2349381.88		2341225.410	5182.083		56.032	0.309
RanReal_n960_ds_05.txt	2332465.60		2331033.446	1256.960		55.349	0.558
RanReal_n960_ds_06.txt	2329265.35		2326541.171	1741.511		55.197	0.277
RanReal_n960_ds_07.txt	2336635.92		2334135.343	2155.051		64.329	4.754
RanReal_n960_ds_08.txt	2329061.84		2326183.527	1772.354		70.983	2.818
RanReal_n960_ds_09.txt	2340007.03		2334687.846	3381.622		65.749	3.033
RanReal_n960_ds_10.txt	2345377.15		2340970.619	4111.651		64.105	0.249
RanReal_n960_ss_01.txt	2292001.35		2287837.290	3648.046		34.121	0.217
RanReal_n960_ss_02.txt	2295678.07		2290953.084	2445.917		34.311	0.300
RanReal_n960_ss_03.txt	2293146.83		2289856.440	2268.791		34.194	0.312
RanReal_n960_ss_04.txt	2293007.85		2288660.567	2701.366		34.371	0.254
RanReal_n960_ss_05.txt	2291652.26		2289907.632	1386.582		34.168	0.088
RanReal_n960_ss_06.txt	2289945.85		2286705.629	2342.035		34.191	0.187
RanReal_n960_ss_07.txt	2294140.86		2288521.460	3287.623		34.324	0.156
RanReal_n960_ss_08.txt	2297307.80		2286894.490	5314.784		34.044	0.116
RanReal_n960_ss_09.txt	2298022.98		2291648.244	4309.883		34.129	0.202
RanReal_n960_ss_10.txt	2296445.78		2292063.300	2560.873		34.329	0.178
