Instância	melhor custo	média custo		std custo	média tempo		std tempo


############################Aleatório############################

Geo_n120_ds_01.txt	111395.67		110662.421	388.515		12.841	1.206
Geo_n120_ds_02.txt	61379.22		60975.921	337.268		11.468	0.359
Geo_n120_ds_03.txt	51955.21		51455.030	361.883		11.165	0.353
Geo_n120_ds_04.txt	80546.68		80385.441	164.303		11.300	0.286
Geo_n120_ds_05.txt	121107.79		119472.483	818.836		11.380	0.192
Geo_n120_ds_06.txt	136168.09		135916.448	252.144		10.648	0.169
Geo_n120_ds_07.txt	108046.26		107599.858	553.642		10.613	0.088
Geo_n120_ds_08.txt	87867.13		87834.164	38.242		10.644	0.174
Geo_n120_ds_09.txt	95040.92		94408.827	374.147		10.707	0.247
Geo_n120_ds_10.txt	65301.09		65117.872	148.749		10.966	0.267
Geo_n120_ss_01.txt	101380.31		101336.081	26.100		5.853	0.266
Geo_n120_ss_02.txt	54722.98		54708.527	13.193		5.783	0.167
Geo_n120_ss_03.txt	47553.89		47547.697	3.550		5.746	0.203
Geo_n120_ss_04.txt	73331.53		73316.317	17.477		5.689	0.166
Geo_n120_ss_05.txt	112421.87		112365.282	43.089		5.734	0.245
Geo_n120_ss_06.txt	125133.50		125069.018	32.324		5.790	0.075
Geo_n120_ss_07.txt	98266.24		98233.222	27.756		5.706	0.163
Geo_n120_ss_08.txt	79776.51		79736.184	29.193		5.756	0.169
Geo_n120_ss_09.txt	87033.50		87004.628	25.530		5.774	0.102
Geo_n120_ss_10.txt	60114.87		60087.145	27.023		5.739	0.148
Geo_n240_ds_01.txt	200010.13		199258.342	783.746		25.742	0.186
Geo_n240_ds_02.txt	347364.66		345904.456	1617.356		25.584	0.065
Geo_n240_ds_03.txt	216557.69		216062.201	445.502		25.484	0.286
Geo_n240_ds_04.txt	262906.77		262178.327	403.810		25.587	0.043
Geo_n240_ds_05.txt	312535.21		311740.347	648.652		25.452	0.151
Geo_n240_ds_06.txt	357580.49		357286.151	395.612		25.369	0.388
Geo_n240_ds_07.txt	339523.16		338246.897	1106.097		25.544	0.247
Geo_n240_ds_08.txt	130904.27		130894.383	6.740		25.595	0.115
Geo_n240_ds_09.txt	409527.44		409123.458	420.725		25.560	0.075
Geo_n240_ds_10.txt	354097.29		353122.816	531.114		24.643	1.345
Geo_n240_ss_01.txt	188609.33		188573.216	25.771		13.201	0.156
Geo_n240_ss_02.txt	329805.38		329740.161	52.962		13.275	0.098
Geo_n240_ss_03.txt	206761.81		206711.683	31.426		13.286	0.194
Geo_n240_ss_04.txt	245946.41		245912.291	24.030		13.258	0.098
Geo_n240_ss_05.txt	298219.66		298183.658	27.562		13.187	0.129
Geo_n240_ss_06.txt	338040.32		337999.030	25.444		13.304	0.143
Geo_n240_ss_07.txt	325591.64		325458.473	67.865		13.252	0.170
Geo_n240_ss_08.txt	126829.57		126821.348	8.821		13.287	0.189
Geo_n240_ss_09.txt	390860.30		390820.118	42.170		11.977	0.268
Geo_n240_ss_10.txt	338970.46		338887.142	59.409		12.450	0.245
Geo_n480_ds_01.txt	578490.79		575895.910	1321.193		50.647	0.754
Geo_n480_ds_02.txt	1086726.41		1083411.867	1947.339		50.766	0.145
Geo_n480_ds_03.txt	662229.19		660639.649	940.197		54.238	0.551
Geo_n480_ds_04.txt	833401.37		831691.710	1522.033		53.513	0.366
Geo_n480_ds_05.txt	985128.17		981714.185	2053.031		52.863	0.227
Geo_n480_ds_06.txt	1007928.68		1006480.005	784.806		49.540	0.624
Geo_n480_ds_07.txt	862555.06		859190.727	2433.235		49.798	0.355
Geo_n480_ds_08.txt	585777.02		583886.251	2380.251		50.260	0.227
Geo_n480_ds_09.txt	664472.74		663338.166	1313.013		49.995	0.298
Geo_n480_ds_10.txt	932179.86		931355.317	1091.074		50.374	0.307
Geo_n480_ss_01.txt	551363.80		551301.110	48.255		26.634	0.292
Geo_n480_ss_02.txt	1046071.94		1045928.588	95.968		26.519	0.263
Geo_n480_ss_03.txt	632720.45		632654.429	72.576		26.495	0.416
Geo_n480_ss_04.txt	788549.56		788425.407	82.559		26.313	0.274
Geo_n480_ss_05.txt	944548.81		944476.300	60.955		26.169	0.183
Geo_n480_ss_06.txt	965213.02		965154.529	66.950		26.097	0.206
Geo_n480_ss_07.txt	826226.21		826167.275	62.013		25.830	0.205
Geo_n480_ss_08.txt	555752.16		555689.875	39.333		26.120	0.330
Geo_n480_ss_09.txt	635334.16		635292.573	32.079		26.013	0.179
Geo_n480_ss_10.txt	882073.87		881979.678	64.708		26.279	0.346
Geo_n960_ds_01.txt	3353279.55		3346817.226	5491.605		108.222	0.789
Geo_n960_ds_02.txt	1717444.22		1716057.240	1032.885		119.864	12.637
Geo_n960_ds_03.txt	3345126.27		3340536.247	3300.247		137.290	0.209
Geo_n960_ds_04.txt	3616847.66		3609624.913	7173.133		137.847	0.376
Geo_n960_ds_05.txt	2336126.50		2333838.476	1950.570		137.686	0.109
Geo_n960_ds_06.txt	3140740.30		3138369.545	1237.985		137.998	0.221
Geo_n960_ds_07.txt	1296775.53		1293085.994	1928.418		137.173	0.161
Geo_n960_ds_08.txt	1721053.41		1717198.743	2403.832		138.024	0.132
Geo_n960_ds_09.txt	1892507.95		1891407.303	1317.639		137.650	0.201
Geo_n960_ds_10.txt	2612442.01		2608170.229	6007.764		137.772	0.326
Geo_n960_ss_01.txt	3251134.17		3250900.470	131.187		70.865	0.212
Geo_n960_ss_02.txt	1661982.57		1661949.255	42.571		71.463	0.147
Geo_n960_ss_03.txt	3248326.97		3248060.246	227.886		71.332	0.086
Geo_n960_ss_04.txt	3511040.85		3510760.660	169.368		71.258	0.173
Geo_n960_ss_05.txt	2262400.54		2262331.177	44.119		71.439	0.197
Geo_n960_ss_06.txt	3066507.86		3066316.882	128.225		71.241	0.125
Geo_n960_ss_07.txt	1256823.86		1256790.233	24.573		71.025	0.154
Geo_n960_ss_08.txt	1672387.11		1672330.027	35.273		71.565	0.169
Geo_n960_ss_09.txt	1833580.95		1833527.401	47.305		71.206	0.194
Geo_n960_ss_10.txt	2526192.31		2526037.167	101.943		71.356	0.165
RanInt_n120_ds_01.txt	49271.00		48533.800	403.623		13.616	0.016
RanInt_n120_ds_02.txt	49138.00		48849.800	261.416		13.717	0.049
RanInt_n120_ds_03.txt	47825.00		47649.000	145.922		13.627	0.015
RanInt_n120_ds_04.txt	47994.00		47671.000	297.194		13.682	0.018
RanInt_n120_ds_05.txt	47783.00		47320.200	499.309		13.693	0.029
RanInt_n120_ds_06.txt	47385.00		47153.000	181.812		13.739	0.089
RanInt_n120_ds_07.txt	47933.00		47658.800	217.947		13.647	0.023
RanInt_n120_ds_08.txt	48093.00		47589.200	301.908		13.768	0.033
RanInt_n120_ds_09.txt	48265.00		47950.400	209.415		13.660	0.014
RanInt_n120_ds_10.txt	47935.00		47514.800	389.734		13.743	0.028
RanInt_n120_ss_01.txt	46016.00		45623.600	315.941		7.061	0.034
RanInt_n120_ss_02.txt	45811.00		45501.600	332.568		7.025	0.026
RanInt_n120_ss_03.txt	45733.00		45250.400	256.517		7.016	0.046
RanInt_n120_ss_04.txt	45426.00		45278.200	168.802		7.074	0.055
RanInt_n120_ss_05.txt	45437.00		45240.000	155.323		7.051	0.070
RanInt_n120_ss_06.txt	45061.00		44619.600	295.347		7.094	0.038
RanInt_n120_ss_07.txt	45185.00		44857.800	280.598		7.052	0.037
RanInt_n120_ss_08.txt	45505.00		45170.600	247.527		7.055	0.021
RanInt_n120_ss_09.txt	45942.00		45432.200	315.995		7.026	0.046
RanInt_n120_ss_10.txt	45766.00		45579.800	173.703		7.066	0.047
RanInt_n240_ds_01.txt	153324.00		152260.000	597.215		29.532	0.064
RanInt_n240_ds_02.txt	152124.00		151559.600	650.696		29.607	0.027
RanInt_n240_ds_03.txt	151971.00		151647.800	284.391		29.473	0.067
RanInt_n240_ds_04.txt	154582.00		153694.000	466.366		29.667	0.057
RanInt_n240_ds_05.txt	153007.00		152322.400	589.385		29.535	0.083
RanInt_n240_ds_06.txt	153518.00		153211.600	267.675		29.669	0.031
RanInt_n240_ds_07.txt	152419.00		151637.200	429.076		29.672	0.106
RanInt_n240_ds_08.txt	151799.00		150594.800	739.008		29.550	0.058
RanInt_n240_ds_09.txt	152393.00		152182.200	208.579		29.529	0.027
RanInt_n240_ds_10.txt	152369.00		152100.400	220.534		29.644	0.091
RanInt_n240_ss_01.txt	148786.00		148113.800	597.938		15.243	0.111
RanInt_n240_ss_02.txt	148401.00		147429.800	622.602		15.220	0.074
RanInt_n240_ss_03.txt	149183.00		148241.000	541.538		15.178	0.050
RanInt_n240_ss_04.txt	148718.00		148420.600	239.835		15.299	0.054
RanInt_n240_ss_05.txt	149809.00		148630.800	735.317		15.236	0.069
RanInt_n240_ss_06.txt	148942.00		147940.400	747.425		15.209	0.062
RanInt_n240_ss_07.txt	148616.00		148284.400	281.045		15.228	0.037
RanInt_n240_ss_08.txt	148147.00		147387.600	735.618		15.234	0.035
RanInt_n240_ss_09.txt	148209.00		147609.600	632.206		15.228	0.033
RanInt_n240_ss_10.txt	148640.00		148023.200	419.964		15.263	0.026
RanInt_n480_ds_01.txt	368403.00		367029.600	909.885		61.938	1.310
RanInt_n480_ds_02.txt	367510.00		365932.800	1085.976		54.788	0.061
RanInt_n480_ds_03.txt	365781.00		364574.800	1039.666		54.645	0.139
RanInt_n480_ds_04.txt	368728.00		367904.400	725.265		54.668	0.081
RanInt_n480_ds_05.txt	366521.00		365071.800	918.912		54.503	0.203
RanInt_n480_ds_06.txt	366865.00		365288.800	1162.553		54.674	0.170
RanInt_n480_ds_07.txt	365485.00		364671.200	708.729		54.426	0.148
RanInt_n480_ds_08.txt	368626.00		367330.800	950.557		54.706	0.085
RanInt_n480_ds_09.txt	365515.00		364618.800	604.253		54.512	0.100
RanInt_n480_ds_10.txt	370899.00		369873.400	813.897		54.607	0.144
RanInt_n480_ss_01.txt	357342.00		356022.200	834.169		28.123	0.093
RanInt_n480_ss_02.txt	357206.00		356140.200	848.617		28.307	0.092
RanInt_n480_ss_03.txt	356868.00		355095.200	1152.300		28.233	0.072
RanInt_n480_ss_04.txt	357429.00		355725.600	877.767		28.292	0.106
RanInt_n480_ss_05.txt	357083.00		355979.400	682.803		28.157	0.136
RanInt_n480_ss_06.txt	356338.00		355486.000	989.076		28.194	0.055
RanInt_n480_ss_07.txt	356478.00		355410.000	809.919		28.212	0.075
RanInt_n480_ss_08.txt	357318.00		356037.000	799.606		28.217	0.097
RanInt_n480_ss_09.txt	356871.00		355835.000	875.352		28.089	0.091
RanInt_n480_ss_10.txt	358193.00		356942.200	997.158		28.150	0.057
RanInt_n960_ds_01.txt	1176099.00		1171945.000	2457.599		119.736	0.095
RanInt_n960_ds_02.txt	1172325.00		1171173.400	633.570		120.127	0.208
RanInt_n960_ds_03.txt	1171758.00		1170018.600	1235.158		119.823	0.110
RanInt_n960_ds_04.txt	1175464.00		1173042.600	1490.202		120.252	0.194
RanInt_n960_ds_05.txt	1171819.00		1169003.600	1893.618		119.489	0.163
RanInt_n960_ds_06.txt	1172785.00		1169649.000	2264.298		120.082	0.138
RanInt_n960_ds_07.txt	1174709.00		1172163.400	2117.382		119.765	0.175
RanInt_n960_ds_08.txt	1173010.00		1170355.600	1975.794		120.130	0.204
RanInt_n960_ds_09.txt	1171715.00		1168726.800	2403.412		128.342	7.988
RanInt_n960_ds_10.txt	1173112.00		1169914.000	2245.429		139.724	3.703
RanInt_n960_ss_01.txt	1155304.00		1151514.200	1990.210		75.560	0.549
RanInt_n960_ss_02.txt	1151261.00		1149568.400	1032.376		72.603	1.215
RanInt_n960_ss_03.txt	1153313.00		1150491.600	1668.368		71.324	0.089
RanInt_n960_ss_04.txt	1151899.00		1150082.000	1247.085		71.993	0.178
RanInt_n960_ss_05.txt	1152516.00		1149972.400	2539.679		71.281	0.109
RanInt_n960_ss_06.txt	1151185.00		1149324.000	1424.533		71.625	0.119
RanInt_n960_ss_07.txt	1153468.00		1151160.000	1812.799		71.544	0.049
RanInt_n960_ss_08.txt	1152749.00		1149783.200	2176.719		71.542	0.121
RanInt_n960_ss_09.txt	1151031.00		1149367.400	1359.879		71.414	0.163
RanInt_n960_ss_10.txt	1149929.00		1147593.600	1477.640		71.661	0.162
RanReal_n120_ds_01.txt	48260.41		47850.385	313.179		13.690	0.065
RanReal_n120_ds_02.txt	48772.61		48375.097	419.126		13.753	0.036
RanReal_n120_ds_03.txt	47459.93		46969.131	379.019		13.649	0.048
RanReal_n120_ds_04.txt	48456.26		47826.284	470.003		13.733	0.042
RanReal_n120_ds_05.txt	47357.21		47086.100	173.958		13.705	0.050
RanReal_n120_ds_06.txt	48521.91		47862.608	533.214		13.690	0.040
RanReal_n120_ds_07.txt	47854.00		47492.857	280.177		13.665	0.063
RanReal_n120_ds_08.txt	48526.20		47964.454	355.747		13.745	0.041
RanReal_n120_ds_09.txt	48131.80		47834.829	169.411		13.738	0.047
RanReal_n120_ds_10.txt	47442.12		47094.137	185.765		13.742	0.035
RanReal_n120_ss_01.txt	45481.05		45144.394	192.339		6.992	0.055
RanReal_n120_ss_02.txt	45097.02		44824.824	225.789		7.018	0.058
RanReal_n120_ss_03.txt	45549.92		44871.347	415.165		7.029	0.040
RanReal_n120_ss_04.txt	45582.15		45392.357	196.428		7.069	0.047
RanReal_n120_ss_05.txt	44871.93		44634.387	203.484		7.042	0.038
RanReal_n120_ss_06.txt	45713.30		45139.952	343.893		7.018	0.025
RanReal_n120_ss_07.txt	45412.73		45091.469	261.531		7.076	0.025
RanReal_n120_ss_08.txt	45435.36		45131.556	238.955		7.051	0.027
RanReal_n120_ss_09.txt	45859.29		45441.819	279.761		7.005	0.027
RanReal_n120_ss_10.txt	45675.52		45114.371	357.255		7.066	0.036
RanReal_n240_ds_01.txt	152370.18		152024.931	214.209		29.627	0.074
RanReal_n240_ds_02.txt	153334.22		152415.877	876.086		29.654	0.057
RanReal_n240_ds_03.txt	151879.61		151465.240	226.745		29.485	0.057
RanReal_n240_ds_04.txt	154609.09		153181.598	779.949		29.636	0.065
RanReal_n240_ds_05.txt	151288.24		151091.347	207.315		29.501	0.057
RanReal_n240_ds_06.txt	153441.95		152741.513	579.916		29.628	0.077
RanReal_n240_ds_07.txt	152511.03		151378.301	641.568		29.577	0.044
RanReal_n240_ds_08.txt	151238.90		150403.005	506.678		29.565	0.054
RanReal_n240_ds_09.txt	152293.07		151907.261	278.245		29.452	0.069
RanReal_n240_ds_10.txt	152481.58		151861.449	440.146		29.629	0.116
RanReal_n240_ss_01.txt	148530.85		147559.711	589.147		15.258	0.043
RanReal_n240_ss_02.txt	147833.57		147068.725	526.038		15.336	0.031
RanReal_n240_ss_03.txt	148569.51		147784.290	605.636		15.219	0.031
RanReal_n240_ss_04.txt	148893.18		148133.881	575.286		15.320	0.041
RanReal_n240_ss_05.txt	148499.13		147676.287	668.203		15.300	0.086
RanReal_n240_ss_06.txt	148879.79		148079.587	441.286		15.212	0.077
RanReal_n240_ss_07.txt	148824.17		147768.092	721.557		15.193	0.025
RanReal_n240_ss_08.txt	148595.21		147690.207	794.665		15.263	0.092
RanReal_n240_ss_09.txt	147907.68		147390.064	409.695		15.148	0.037
RanReal_n240_ss_10.txt	148585.89		147585.010	717.653		15.363	0.040
RanReal_n480_ds_01.txt	366181.10		364649.723	1117.572		72.218	8.969
RanReal_n480_ds_02.txt	365242.42		363924.440	1054.167		73.688	3.486
RanReal_n480_ds_03.txt	365466.25		364719.230	661.326		70.895	0.778
RanReal_n480_ds_04.txt	366306.75		365453.303	653.687		70.216	3.653
RanReal_n480_ds_05.txt	366252.64		364578.637	1198.527		67.693	4.980
RanReal_n480_ds_06.txt	367151.48		365646.441	975.854		62.969	0.170
RanReal_n480_ds_07.txt	366445.92		365028.411	857.723		62.864	0.068
RanReal_n480_ds_08.txt	366809.00		365891.259	828.608		63.432	0.145
RanReal_n480_ds_09.txt	365448.31		363774.595	943.449		63.073	0.088
RanReal_n480_ds_10.txt	370284.06		368694.226	1134.625		63.229	0.166
RanReal_n480_ss_01.txt	355645.31		354088.266	959.101		32.425	0.135
RanReal_n480_ss_02.txt	355306.23		354618.115	432.301		32.688	0.105
RanReal_n480_ss_03.txt	356458.54		355472.864	836.654		32.394	0.100
RanReal_n480_ss_04.txt	355740.34		354213.649	1077.115		32.714	0.166
RanReal_n480_ss_05.txt	355347.82		354959.738	259.872		32.487	0.096
RanReal_n480_ss_06.txt	356742.10		355705.955	752.183		32.493	0.088
RanReal_n480_ss_07.txt	355948.85		354500.190	964.534		32.413	0.125
RanReal_n480_ss_08.txt	355503.83		354677.174	618.558		32.503	0.036
RanReal_n480_ss_09.txt	354827.97		354056.176	693.334		32.339	0.131
RanReal_n480_ss_10.txt	356846.97		355775.356	1141.283		27.213	3.071
RanReal_n960_ds_01.txt	1174416.52		1170814.078	2290.646		106.560	0.150
RanReal_n960_ds_02.txt	1173626.36		1171225.508	2126.033		106.727	0.201
RanReal_n960_ds_03.txt	1172379.39		1168913.547	1871.625		106.373	0.055
RanReal_n960_ds_04.txt	1173755.97		1171008.897	2077.226		106.773	0.170
RanReal_n960_ds_05.txt	1168018.77		1165820.999	2047.578		106.663	0.568
RanReal_n960_ds_06.txt	1168629.56		1165930.799	1528.381		106.703	0.225
RanReal_n960_ds_07.txt	1170688.86		1169095.845	1743.630		106.040	0.111
RanReal_n960_ds_08.txt	1167069.44		1164113.873	2012.628		106.807	0.172
RanReal_n960_ds_09.txt	1171642.91		1169874.712	1484.661		106.609	0.385
RanReal_n960_ds_10.txt	1175140.47		1173081.391	1573.741		106.997	0.151
RanReal_n960_ss_01.txt	1150436.00		1148050.582	1819.181		54.996	0.154
RanReal_n960_ss_02.txt	1149238.54		1147072.898	1233.431		55.340	0.221
RanReal_n960_ss_03.txt	1149540.16		1147007.429	2621.700		55.076	0.059
RanReal_n960_ss_04.txt	1150313.63		1148315.550	1717.199		55.317	0.145
RanReal_n960_ss_05.txt	1151191.46		1146828.199	2536.709		55.153	0.177
RanReal_n960_ss_06.txt	1147933.34		1146082.866	1288.003		55.790	0.445
RanReal_n960_ss_07.txt	1150550.24		1147637.138	1965.794		55.178	0.128
RanReal_n960_ss_08.txt	1149107.63		1146763.776	1880.721		55.282	0.146
RanReal_n960_ss_09.txt	1149414.08		1147627.812	1590.653		55.177	0.131
RanReal_n960_ss_10.txt	1149970.94		1149124.281	647.727		55.380	0.147


############################GRASP############################

Geo_n120_ds_01.txt	110636.81		110504.293	212.221		10.575	0.031
Geo_n120_ds_02.txt	61688.59		61401.997	223.474		10.626	0.018
Geo_n120_ds_03.txt	51928.27		51658.309	270.071		10.616	0.015
Geo_n120_ds_04.txt	80475.28		80189.695	274.906		10.662	0.020
Geo_n120_ds_05.txt	121109.73		119828.810	1031.572		10.579	0.048
Geo_n120_ds_06.txt	136289.65		136057.589	129.031		10.630	0.035
Geo_n120_ds_07.txt	108162.57		107477.818	828.809		10.649	0.043
Geo_n120_ds_08.txt	87822.85		87663.695	270.560		10.635	0.038
Geo_n120_ds_09.txt	95143.10		94905.602	215.073		10.603	0.045
Geo_n120_ds_10.txt	65331.14		65232.866	88.946		10.685	0.037
Geo_n120_ss_01.txt	101427.57		101379.835	46.807		5.484	0.033
Geo_n120_ss_02.txt	54733.74		54722.342	13.411		5.518	0.019
Geo_n120_ss_03.txt	47552.92		47538.721	7.409		5.500	0.041
Geo_n120_ss_04.txt	73364.06		73305.492	32.937		5.513	0.034
Geo_n120_ss_05.txt	112403.79		112347.274	54.653		5.508	0.036
Geo_n120_ss_06.txt	125120.89		125081.181	31.503		5.534	0.045
Geo_n120_ss_07.txt	98253.45		98228.019	15.156		5.475	0.033
Geo_n120_ss_08.txt	79791.16		79745.171	34.611		5.498	0.027
Geo_n120_ss_09.txt	87039.53		87011.934	14.604		5.492	0.023
Geo_n120_ss_10.txt	60104.81		60092.800	8.724		5.534	0.041
Geo_n240_ds_01.txt	199943.36		199375.736	685.827		22.952	0.120
Geo_n240_ds_02.txt	346542.02		346090.674	679.033		23.030	0.150
Geo_n240_ds_03.txt	216589.30		215846.617	884.823		22.902	0.095
Geo_n240_ds_04.txt	262303.92		261705.539	479.654		23.032	0.085
Geo_n240_ds_05.txt	311345.33		311236.913	63.941		22.925	0.040
Geo_n240_ds_06.txt	357379.38		356884.057	881.533		23.018	0.132
Geo_n240_ds_07.txt	341073.81		338900.880	1312.243		22.964	0.058
Geo_n240_ds_08.txt	130914.20		130694.927	385.069		23.060	0.116
Geo_n240_ds_09.txt	409408.82		409001.823	481.569		22.993	0.065
Geo_n240_ds_10.txt	354065.84		352949.105	646.364		22.997	0.089
Geo_n240_ss_01.txt	188599.30		188579.806	18.098		11.848	0.042
Geo_n240_ss_02.txt	329737.49		329679.277	46.074		11.869	0.071
Geo_n240_ss_03.txt	206752.41		206724.973	24.305		11.888	0.093
Geo_n240_ss_04.txt	245981.05		245943.388	40.108		11.889	0.080
Geo_n240_ss_05.txt	298240.73		298196.517	37.406		11.881	0.052
Geo_n240_ss_06.txt	338034.37		337968.105	36.183		11.862	0.072
Geo_n240_ss_07.txt	325461.71		325423.759	25.106		11.865	0.061
Geo_n240_ss_08.txt	126830.12		126817.546	6.771		12.001	0.033
Geo_n240_ss_09.txt	390764.44		390737.857	28.498		11.875	0.063
Geo_n240_ss_10.txt	338990.17		338901.199	54.095		11.903	0.066
Geo_n480_ds_01.txt	579255.27		577664.013	1402.093		48.669	0.105
Geo_n480_ds_02.txt	1086808.10		1085064.228	3084.069		48.770	0.066
Geo_n480_ds_03.txt	659188.23		658455.112	953.291		48.813	0.145
Geo_n480_ds_04.txt	832489.96		830793.012	1688.706		48.888	0.119
Geo_n480_ds_05.txt	981983.21		980070.276	2054.601		48.757	0.103
Geo_n480_ds_06.txt	1008135.60		1006797.349	1429.649		48.859	0.075
Geo_n480_ds_07.txt	861071.06		857909.486	2150.449		48.708	0.060
Geo_n480_ds_08.txt	585714.58		584349.824	821.332		48.783	0.061
Geo_n480_ds_09.txt	664613.61		663361.478	923.937		48.650	0.129
Geo_n480_ds_10.txt	932796.84		931507.344	1133.829		48.834	0.094
Geo_n480_ss_01.txt	551290.42		551231.315	47.360		25.273	0.121
Geo_n480_ss_02.txt	1046049.85		1045878.671	142.815		25.280	0.075
Geo_n480_ss_03.txt	632766.56		632642.266	66.461		25.308	0.160
Geo_n480_ss_04.txt	788537.89		788481.878	38.592		25.207	0.021
Geo_n480_ss_05.txt	944531.88		944425.596	82.255		25.238	0.050
Geo_n480_ss_06.txt	965272.43		965071.327	126.380		25.354	0.053
Geo_n480_ss_07.txt	826335.61		826228.685	73.581		25.228	0.064
Geo_n480_ss_08.txt	555770.36		555729.104	32.817		25.278	0.108
Geo_n480_ss_09.txt	635332.56		635272.302	58.102		25.232	0.112
Geo_n480_ss_10.txt	881967.28		881898.958	53.799		25.206	0.055
Geo_n960_ds_01.txt	3351916.85		3345867.952	5181.335		106.739	0.314
Geo_n960_ds_02.txt	1715849.78		1712916.348	2741.174		107.289	0.061
Geo_n960_ds_03.txt	3340726.91		3336735.325	4279.722		106.803	0.213
Geo_n960_ds_04.txt	3614334.21		3604816.610	7391.797		107.339	0.196
Geo_n960_ds_05.txt	2338012.82		2331938.959	4751.014		106.869	0.169
Geo_n960_ds_06.txt	3143305.36		3139757.047	2227.008		107.316	0.099
Geo_n960_ds_07.txt	1300037.32		1296089.746	2534.249		106.922	0.169
Geo_n960_ds_08.txt	1721004.08		1716444.240	3249.739		107.295	0.245
Geo_n960_ds_09.txt	1891866.56		1888653.585	3996.635		106.623	0.181
Geo_n960_ds_10.txt	2613112.10		2609452.690	3364.762		107.251	0.213
Geo_n960_ss_01.txt	3251059.22		3250902.089	88.205		55.682	0.096
Geo_n960_ss_02.txt	1661952.07		1661924.736	22.202		55.907	0.149
Geo_n960_ss_03.txt	3248266.75		3248147.563	80.760		55.543	0.175
Geo_n960_ss_04.txt	3510927.24		3510753.539	93.068		55.771	0.034
Geo_n960_ss_05.txt	2262438.73		2262246.748	119.721		55.634	0.072
Geo_n960_ss_06.txt	3066435.77		3066263.544	110.742		55.801	0.073
Geo_n960_ss_07.txt	1256808.84		1256779.667	22.097		55.910	0.402
Geo_n960_ss_08.txt	1672457.30		1672371.364	49.190		55.971	0.077
Geo_n960_ss_09.txt	1833706.72		1833593.070	78.329		56.058	0.090
Geo_n960_ss_10.txt	2526386.02		2526234.074	138.719		56.033	0.145
RanInt_n120_ds_01.txt	48710.00		48410.400	254.459		10.696	0.015
RanInt_n120_ds_02.txt	49312.00		48698.200	339.597		10.747	0.032
RanInt_n120_ds_03.txt	47902.00		47411.800	440.905		10.658	0.021
RanInt_n120_ds_04.txt	48577.00		48095.000	306.489		10.720	0.026
RanInt_n120_ds_05.txt	48010.00		47514.000	542.575		10.599	0.019
RanInt_n120_ds_06.txt	47614.00		47331.800	330.621		10.709	0.024
RanInt_n120_ds_07.txt	48064.00		47858.800	148.988		10.758	0.062
RanInt_n120_ds_08.txt	48537.00		48081.200	254.329		10.686	0.036
RanInt_n120_ds_09.txt	48415.00		47764.600	535.787		10.621	0.055
RanInt_n120_ds_10.txt	48184.00		47766.200	278.811		10.699	0.048
RanInt_n120_ss_01.txt	46163.00		45449.400	427.879		5.547	0.037
RanInt_n120_ss_02.txt	45819.00		45523.200	210.234		5.536	0.015
RanInt_n120_ss_03.txt	45478.00		45204.800	163.034		5.491	0.019
RanInt_n120_ss_04.txt	45565.00		45333.000	141.496		5.532	0.022
RanInt_n120_ss_05.txt	45254.00		44862.600	239.139		5.507	0.037
RanInt_n120_ss_06.txt	44999.00		44586.600	332.983		5.542	0.043
RanInt_n120_ss_07.txt	45408.00		44775.400	343.269		5.512	0.026
RanInt_n120_ss_08.txt	45760.00		45268.000	385.101		5.508	0.025
RanInt_n120_ss_09.txt	45837.00		45383.200	362.630		5.545	0.041
RanInt_n120_ss_10.txt	45819.00		45439.600	193.958		5.552	0.028
RanInt_n240_ds_01.txt	152807.00		152412.400	500.080		23.117	0.083
RanInt_n240_ds_02.txt	152888.00		151950.200	534.459		23.020	0.039
RanInt_n240_ds_03.txt	152631.00		151784.200	594.531		23.032	0.063
RanInt_n240_ds_04.txt	154661.00		154323.000	176.498		23.264	0.057
RanInt_n240_ds_05.txt	152945.00		152480.800	515.610		22.957	0.090
RanInt_n240_ds_06.txt	153657.00		152974.800	363.790		23.162	0.084
RanInt_n240_ds_07.txt	151892.00		151432.800	317.281		23.012	0.066
RanInt_n240_ds_08.txt	151145.00		150647.000	367.694		23.019	0.087
RanInt_n240_ds_09.txt	152386.00		151380.800	632.035		23.030	0.060
RanInt_n240_ds_10.txt	152906.00		152066.000	751.001		23.132	0.072
RanInt_n240_ss_01.txt	148886.00		148505.200	270.640		11.947	0.093
RanInt_n240_ss_02.txt	148085.00		147237.000	973.338		12.007	0.027
RanInt_n240_ss_03.txt	148800.00		148278.400	427.129		11.940	0.023
RanInt_n240_ss_04.txt	149274.00		148324.400	534.055		11.938	0.049
RanInt_n240_ss_05.txt	149095.00		148489.800	498.055		11.928	0.060
RanInt_n240_ss_06.txt	148582.00		147449.200	809.707		11.977	0.056
RanInt_n240_ss_07.txt	148326.00		148203.400	129.239		11.836	0.055
RanInt_n240_ss_08.txt	147890.00		147014.800	516.321		11.959	0.035
RanInt_n240_ss_09.txt	148986.00		147925.000	555.353		11.918	0.022
RanInt_n240_ss_10.txt	148716.00		148215.600	526.750		11.904	0.067
RanInt_n480_ds_01.txt	367902.00		366200.400	964.775		49.051	0.227
RanInt_n480_ds_02.txt	366929.00		365411.600	948.241		49.131	0.154
RanInt_n480_ds_03.txt	364965.00		363924.800	605.262		48.648	0.064
RanInt_n480_ds_04.txt	369467.00		367520.600	1341.058		49.154	0.069
RanInt_n480_ds_05.txt	365872.00		364902.200	553.124		49.105	0.174
RanInt_n480_ds_06.txt	366318.00		365060.400	874.374		48.995	0.185
RanInt_n480_ds_07.txt	366727.00		365273.600	1027.844		48.997	0.137
RanInt_n480_ds_08.txt	369263.00		367130.200	1137.036		49.017	0.112
RanInt_n480_ds_09.txt	366291.00		365182.200	864.360		48.689	0.144
RanInt_n480_ds_10.txt	369656.00		369213.200	309.711		49.003	0.143
RanInt_n480_ss_01.txt	357071.00		356205.000	458.808		25.324	0.058
RanInt_n480_ss_02.txt	357671.00		355682.200	1235.640		25.277	0.167
RanInt_n480_ss_03.txt	355073.00		354416.000	400.295		25.377	0.169
RanInt_n480_ss_04.txt	357041.00		355742.200	857.247		25.414	0.089
RanInt_n480_ss_05.txt	355947.00		355104.800	808.624		25.147	0.058
RanInt_n480_ss_06.txt	357618.00		356239.800	999.244		25.497	0.096
RanInt_n480_ss_07.txt	356322.00		355340.000	995.922		25.308	0.082
RanInt_n480_ss_08.txt	356869.00		356075.800	752.392		25.255	0.078
RanInt_n480_ss_09.txt	356996.00		355344.800	920.834		25.645	0.394
RanInt_n480_ss_10.txt	357566.00		356363.400	878.393		25.439	0.104
RanInt_n960_ds_01.txt	1176450.00		1172718.400	2085.156		107.301	0.333
RanInt_n960_ds_02.txt	1172965.00		1170855.000	1753.983		108.453	0.283
RanInt_n960_ds_03.txt	1171020.00		1169240.800	1614.754		108.178	0.187
RanInt_n960_ds_04.txt	1175304.00		1171274.000	2357.317		107.485	0.159
RanInt_n960_ds_05.txt	1172911.00		1170508.000	2398.341		122.344	14.432
RanInt_n960_ds_06.txt	1170524.00		1168682.800	1682.677		139.553	0.255
RanInt_n960_ds_07.txt	1172560.00		1171159.200	1663.813		138.223	0.167
RanInt_n960_ds_08.txt	1172569.00		1170236.600	1896.594		139.169	0.093
RanInt_n960_ds_09.txt	1172406.00		1169617.200	2067.556		139.329	0.204
RanInt_n960_ds_10.txt	1173830.00		1171881.200	1235.090		139.153	0.233
RanInt_n960_ss_01.txt	1154168.00		1148890.000	2712.908		72.646	0.211
RanInt_n960_ss_02.txt	1152265.00		1147769.800	2867.013		72.833	0.108
RanInt_n960_ss_03.txt	1152700.00		1150248.000	1237.070		72.238	0.145
RanInt_n960_ss_04.txt	1151724.00		1150324.000	1291.765		72.806	0.120
RanInt_n960_ss_05.txt	1152587.00		1150275.600	1596.252		72.525	0.097
RanInt_n960_ss_06.txt	1155035.00		1151830.600	1906.594		72.412	0.183
RanInt_n960_ss_07.txt	1152838.00		1151178.400	929.246		72.563	0.232
RanInt_n960_ss_08.txt	1151308.00		1150079.000	920.430		72.688	0.105
RanInt_n960_ss_09.txt	1150421.00		1149141.000	820.955		72.398	0.245
RanInt_n960_ss_10.txt	1152848.00		1149667.800	1919.376		60.375	6.475
RanReal_n120_ds_01.txt	48370.83		47837.932	413.306		10.694	0.039
RanReal_n120_ds_02.txt	48752.22		48416.779	284.074		10.759	0.063
RanReal_n120_ds_03.txt	47843.64		47352.515	302.742		10.672	0.025
RanReal_n120_ds_04.txt	48429.15		47946.334	354.798		10.717	0.031
RanReal_n120_ds_05.txt	47409.72		47109.479	263.760		10.657	0.024
RanReal_n120_ds_06.txt	47851.24		47550.684	221.558		10.706	0.020
RanReal_n120_ds_07.txt	48407.93		47548.142	482.187		10.648	0.069
RanReal_n120_ds_08.txt	48432.31		48117.857	251.440		10.690	0.025
RanReal_n120_ds_09.txt	48216.23		47906.885	211.543		10.701	0.023
RanReal_n120_ds_10.txt	47492.34		47245.724	250.272		10.668	0.032
RanReal_n120_ss_01.txt	45417.93		45223.760	148.623		5.499	0.031
RanReal_n120_ss_02.txt	44852.93		44773.329	50.956		5.517	0.054
RanReal_n120_ss_03.txt	45052.82		44928.847	126.665		5.462	0.038
RanReal_n120_ss_04.txt	45388.23		45139.418	137.853		5.540	0.020
RanReal_n120_ss_05.txt	45113.70		44674.268	278.368		5.502	0.052
RanReal_n120_ss_06.txt	45518.34		45191.676	193.067		5.514	0.022
RanReal_n120_ss_07.txt	45384.52		44939.393	383.854		5.504	0.017
RanReal_n120_ss_08.txt	45436.46		45036.557	230.951		5.561	0.086
RanReal_n120_ss_09.txt	45933.81		45516.058	306.730		5.568	0.035
RanReal_n120_ss_10.txt	45660.98		45000.223	354.623		5.508	0.037
RanReal_n240_ds_01.txt	152244.14		151562.462	594.983		23.168	0.139
RanReal_n240_ds_02.txt	154613.68		153389.557	902.573		22.971	0.094
RanReal_n240_ds_03.txt	152447.75		151685.164	686.034		22.886	0.037
RanReal_n240_ds_04.txt	154272.99		153217.816	648.087		23.161	0.061
RanReal_n240_ds_05.txt	151322.91		151131.497	121.807		23.077	0.025
RanReal_n240_ds_06.txt	153843.40		153638.642	102.985		23.160	0.107
RanReal_n240_ds_07.txt	152521.46		151787.466	490.845		22.992	0.051
RanReal_n240_ds_08.txt	151173.99		150480.454	477.288		23.127	0.140
RanReal_n240_ds_09.txt	152284.67		151938.062	302.866		23.019	0.068
RanReal_n240_ds_10.txt	153356.53		152025.822	760.886		23.125	0.078
RanReal_n240_ss_01.txt	147709.69		147239.628	506.379		11.967	0.059
RanReal_n240_ss_02.txt	149418.24		147953.634	825.390		11.935	0.033
RanReal_n240_ss_03.txt	148774.98		148018.481	572.827		11.943	0.036
RanReal_n240_ss_04.txt	147858.02		147585.399	237.555		11.953	0.028
RanReal_n240_ss_05.txt	147582.45		146926.222	408.082		11.950	0.020
RanReal_n240_ss_06.txt	147438.07		147137.703	395.007		11.913	0.042
RanReal_n240_ss_07.txt	148470.27		147248.507	784.021		11.874	0.047
RanReal_n240_ss_08.txt	149076.47		147293.949	1011.375		11.953	0.093
RanReal_n240_ss_09.txt	147998.71		147163.202	513.794		11.970	0.034
RanReal_n240_ss_10.txt	148773.40		147961.818	499.216		11.938	0.044
RanReal_n480_ds_01.txt	364998.06		363964.785	685.251		48.934	0.126
RanReal_n480_ds_02.txt	365373.36		363748.152	926.854		49.157	0.145
RanReal_n480_ds_03.txt	365654.44		363871.696	1239.354		49.035	0.169
RanReal_n480_ds_04.txt	366512.03		365676.218	787.416		49.306	0.207
RanReal_n480_ds_05.txt	364592.91		363673.982	796.503		48.883	0.050
RanReal_n480_ds_06.txt	367116.57		366005.419	768.535		49.118	0.082
RanReal_n480_ds_07.txt	367296.29		365699.137	1192.862		48.996	0.082
RanReal_n480_ds_08.txt	367433.15		365907.392	1278.482		49.266	0.186
RanReal_n480_ds_09.txt	363612.76		363200.980	365.581		48.863	0.083
RanReal_n480_ds_10.txt	370467.52		368234.733	1365.101		49.187	0.177
RanReal_n480_ss_01.txt	355900.37		354034.721	936.657		25.477	0.115
RanReal_n480_ss_02.txt	355611.14		354612.666	921.435		25.417	0.058
RanReal_n480_ss_03.txt	356847.06		354931.788	996.746		25.309	0.081
RanReal_n480_ss_04.txt	355874.01		354229.442	985.794		25.398	0.085
RanReal_n480_ss_05.txt	355477.18		354222.452	735.380		25.279	0.065
RanReal_n480_ss_06.txt	355778.30		354638.206	601.642		25.465	0.135
RanReal_n480_ss_07.txt	356888.90		355576.820	713.898		25.330	0.063
RanReal_n480_ss_08.txt	355218.97		354430.340	468.908		25.403	0.108
RanReal_n480_ss_09.txt	356443.74		354932.923	846.442		25.414	0.067
RanReal_n480_ss_10.txt	358055.69		356010.163	1106.035		25.409	0.065
RanReal_n960_ds_01.txt	1170490.79		1168993.266	907.714		107.615	0.137
RanReal_n960_ds_02.txt	1173277.33		1169581.250	2945.212		107.991	0.246
RanReal_n960_ds_03.txt	1169428.78		1168416.312	869.499		107.818	0.227
RanReal_n960_ds_04.txt	1172887.71		1171356.168	1377.575		127.211	15.336
RanReal_n960_ds_05.txt	1168096.22		1166441.017	1412.406		142.018	3.849
RanReal_n960_ds_06.txt	1167094.11		1165277.586	1029.552		140.399	0.400
RanReal_n960_ds_07.txt	1170051.91		1168185.392	2019.618		140.018	0.223
RanReal_n960_ds_08.txt	1166104.74		1165168.185	979.739		140.406	0.154
RanReal_n960_ds_09.txt	1172237.57		1169026.998	1835.531		139.705	0.370
RanReal_n960_ds_10.txt	1175533.79		1172146.083	2023.666		140.898	0.562
RanReal_n960_ss_01.txt	1150035.77		1147331.261	2217.652		73.109	0.089
RanReal_n960_ss_02.txt	1151359.20		1147944.055	1852.912		73.165	0.087
RanReal_n960_ss_03.txt	1151468.42		1147124.439	2389.936		72.998	0.119
RanReal_n960_ss_04.txt	1150975.40		1148919.885	1391.084		73.313	0.140
RanReal_n960_ss_05.txt	1152236.86		1147765.366	2432.003		73.248	0.151
RanReal_n960_ss_06.txt	1148798.54		1146347.913	1257.705		73.008	0.175
RanReal_n960_ss_07.txt	1152061.09		1149407.324	2933.204		72.773	0.064
RanReal_n960_ss_08.txt	1150528.60		1146083.986	2291.306		72.965	0.055
RanReal_n960_ss_09.txt	1150332.65		1147860.482	2646.915		72.845	0.094
RanReal_n960_ss_10.txt	1151721.95		1149336.512	2182.109		72.930	0.107


############################WJ############################

Geo_n120_ds_01.txt	111508.57		111009.880	656.988		13.745	0.048
Geo_n120_ds_02.txt	61757.12		61560.175	213.434		13.829	0.033
Geo_n120_ds_03.txt	51962.81		51403.862	317.988		13.805	0.016
Geo_n120_ds_04.txt	80453.09		80329.555	228.831		13.787	0.009
Geo_n120_ds_05.txt	121260.58		120742.885	886.889		13.789	0.076
Geo_n120_ds_06.txt	136370.54		136260.880	79.241		13.838	0.032
Geo_n120_ds_07.txt	108154.37		107086.294	551.505		13.754	0.039
Geo_n120_ds_08.txt	87933.46		87856.458	41.239		13.828	0.024
Geo_n120_ds_09.txt	95046.38		94425.290	409.289		13.842	0.034
Geo_n120_ds_10.txt	65315.35		65109.389	157.869		13.846	0.038
Geo_n120_ss_01.txt	101397.53		101357.958	36.686		7.070	0.035
Geo_n120_ss_02.txt	54730.73		54714.475	13.546		7.112	0.045
Geo_n120_ss_03.txt	47556.08		47541.898	13.553		7.023	0.045
Geo_n120_ss_04.txt	73338.92		73316.689	16.293		7.062	0.040
Geo_n120_ss_05.txt	112408.30		112356.208	39.232		7.029	0.020
Geo_n120_ss_06.txt	125091.23		125063.759	26.287		7.035	0.066
Geo_n120_ss_07.txt	98262.51		98226.212	19.972		7.068	0.047
Geo_n120_ss_08.txt	79739.58		79730.761	8.063		7.119	0.029
Geo_n120_ss_09.txt	87080.04		87046.168	36.662		7.050	0.028
Geo_n120_ss_10.txt	60120.95		60089.444	18.565		7.070	0.038
Geo_n240_ds_01.txt	199956.96		199309.885	651.728		29.845	0.063
Geo_n240_ds_02.txt	347477.36		346956.907	382.384		29.742	0.051
Geo_n240_ds_03.txt	216672.21		216183.302	505.651		29.702	0.098
Geo_n240_ds_04.txt	263086.90		261829.189	902.600		29.856	0.056
Geo_n240_ds_05.txt	312360.88		311936.039	515.682		29.678	0.077
Geo_n240_ds_06.txt	357726.93		357524.343	154.041		29.942	0.059
Geo_n240_ds_07.txt	339090.00		338891.510	211.357		29.747	0.079
Geo_n240_ds_08.txt	130912.73		130392.289	646.484		29.804	0.049
Geo_n240_ds_09.txt	409541.74		408728.248	930.428		29.723	0.081
Geo_n240_ds_10.txt	354132.57		351930.006	1270.717		29.904	0.066
Geo_n240_ss_01.txt	188597.63		188580.103	11.869		15.263	0.042
Geo_n240_ss_02.txt	329730.40		329684.464	55.278		15.301	0.034
Geo_n240_ss_03.txt	206766.00		206717.082	34.363		15.248	0.048
Geo_n240_ss_04.txt	245961.90		245927.700	19.101		15.350	0.072
Geo_n240_ss_05.txt	298272.57		298197.340	42.460		15.212	0.067
Geo_n240_ss_06.txt	338035.66		337957.118	50.143		15.330	0.045
Geo_n240_ss_07.txt	325519.46		325463.138	42.841		15.271	0.039
Geo_n240_ss_08.txt	126835.65		126825.965	8.287		15.304	0.069
Geo_n240_ss_09.txt	390766.44		390732.188	31.164		15.254	0.030
Geo_n240_ss_10.txt	338986.11		338900.117	46.266		15.271	0.056
Geo_n480_ds_01.txt	579667.50		577098.088	1458.099		63.484	0.097
Geo_n480_ds_02.txt	1086416.22		1085202.594	909.210		63.776	0.064
Geo_n480_ds_03.txt	661058.40		659895.857	655.185		63.701	0.111
Geo_n480_ds_04.txt	833195.32		830846.391	2613.750		63.850	0.111
Geo_n480_ds_05.txt	985378.32		979272.654	3869.971		63.516	0.068
Geo_n480_ds_06.txt	1008663.83		1005852.037	1662.514		63.984	0.139
Geo_n480_ds_07.txt	861884.28		858131.819	2594.868		49.495	0.709
Geo_n480_ds_08.txt	585740.70		584013.398	1183.598		49.114	0.071
Geo_n480_ds_09.txt	665612.39		664989.957	314.299		48.864	0.081
Geo_n480_ds_10.txt	933362.55		929665.027	3028.940		49.238	0.083
Geo_n480_ss_01.txt	551283.16		551236.591	50.891		25.230	0.116
Geo_n480_ss_02.txt	1045941.95		1045835.036	69.522		25.214	0.039
Geo_n480_ss_03.txt	632694.19		632600.263	92.349		25.063	0.071
Geo_n480_ss_04.txt	788461.12		788387.419	55.494		25.252	0.025
Geo_n480_ss_05.txt	944474.27		944441.576	33.556		25.071	0.125
Geo_n480_ss_06.txt	965053.40		964994.994	54.022		25.147	0.077
Geo_n480_ss_07.txt	826336.04		826221.004	72.552		25.085	0.053
Geo_n480_ss_08.txt	555745.83		555708.495	24.600		25.217	0.098
Geo_n480_ss_09.txt	635245.21		635227.927	18.786		25.132	0.063
Geo_n480_ss_10.txt	881979.16		881884.056	54.852		25.131	0.059
Geo_n960_ds_01.txt	3350792.43		3340412.828	6736.521		107.452	0.185
Geo_n960_ds_02.txt	1715424.64		1712444.714	1892.377		108.061	0.128
Geo_n960_ds_03.txt	3334763.93		3331063.439	3188.685		107.437	0.065
Geo_n960_ds_04.txt	3616317.13		3606233.103	8132.492		107.634	0.241
Geo_n960_ds_05.txt	2338155.68		2331622.979	4439.848		107.452	0.181
Geo_n960_ds_06.txt	3142067.93		3138398.670	2997.891		107.968	0.040
Geo_n960_ds_07.txt	1294549.80		1292805.687	1409.277		107.511	0.195
Geo_n960_ds_08.txt	1716482.69		1710657.814	3855.494		107.853	0.185
Geo_n960_ds_09.txt	1891396.94		1888870.852	2947.315		107.423	0.153
Geo_n960_ds_10.txt	2612986.53		2610763.558	2912.962		107.950	0.128
Geo_n960_ss_01.txt	3251060.97		3250883.458	136.419		55.594	0.135
Geo_n960_ss_02.txt	1662031.46		1661967.909	43.504		55.785	0.144
Geo_n960_ss_03.txt	3248447.19		3248168.730	175.349		55.477	0.113
Geo_n960_ss_04.txt	3510980.44		3510761.758	174.766		55.659	0.044
Geo_n960_ss_05.txt	2262500.27		2262378.137	89.492		55.550	0.105
Geo_n960_ss_06.txt	3066281.10		3066175.999	139.898		55.595	0.122
Geo_n960_ss_07.txt	1256803.07		1256789.645	13.860		55.405	0.131
Geo_n960_ss_08.txt	1672391.70		1672301.848	58.780		55.712	0.125
Geo_n960_ss_09.txt	1833705.61		1833624.239	71.542		55.555	0.104
Geo_n960_ss_10.txt	2526394.47		2526206.959	174.438		55.542	0.038
RanInt_n120_ds_01.txt	49063.00		48243.600	425.942		10.633	0.023
RanInt_n120_ds_02.txt	49432.00		48882.400	449.845		10.655	0.012
RanInt_n120_ds_03.txt	47883.00		47525.600	309.104		10.605	0.031
RanInt_n120_ds_04.txt	48321.00		47797.200	311.419		10.658	0.035
RanInt_n120_ds_05.txt	48144.00		47589.800	326.930		10.543	0.022
RanInt_n120_ds_06.txt	47715.00		47310.800	478.572		10.687	0.034
RanInt_n120_ds_07.txt	48352.00		47841.600	375.618		10.622	0.031
RanInt_n120_ds_08.txt	48316.00		48154.400	214.109		10.643	0.046
RanInt_n120_ds_09.txt	48350.00		48043.200	321.565		10.587	0.032
RanInt_n120_ds_10.txt	47811.00		47464.600	245.996		10.661	0.014
RanInt_n120_ss_01.txt	46135.00		45523.400	527.878		5.464	0.008
RanInt_n120_ss_02.txt	46181.00		45725.400	256.879		5.487	0.027
RanInt_n120_ss_03.txt	45189.00		44985.000	160.393		5.463	0.040
RanInt_n120_ss_04.txt	45361.00		45188.000	133.884		5.455	0.020
RanInt_n120_ss_05.txt	45407.00		45048.400	299.814		5.468	0.035
RanInt_n120_ss_06.txt	44829.00		44486.200	235.368		6.382	0.687
RanInt_n120_ss_07.txt	45310.00		44988.800	328.508		7.041	0.041
RanInt_n120_ss_08.txt	45513.00		45060.800	283.309		7.044	0.024
RanInt_n120_ss_09.txt	45471.00		45220.400	238.221		7.096	0.040
RanInt_n120_ss_10.txt	45653.00		45315.800	262.281		7.077	0.022
RanInt_n240_ds_01.txt	153200.00		152220.800	568.110		29.907	0.063
RanInt_n240_ds_02.txt	153464.00		152387.000	555.147		29.649	0.050
RanInt_n240_ds_03.txt	152532.00		151849.600	585.064		29.716	0.091
RanInt_n240_ds_04.txt	155445.00		154132.600	718.864		30.013	0.080
RanInt_n240_ds_05.txt	152648.00		152154.400	615.085		29.788	0.040
RanInt_n240_ds_06.txt	153418.00		153193.400	210.771		29.778	0.036
RanInt_n240_ds_07.txt	152780.00		152016.200	656.322		29.781	0.073
RanInt_n240_ds_08.txt	151522.00		150671.800	706.984		30.017	0.088
RanInt_n240_ds_09.txt	152863.00		152465.400	399.483		29.718	0.054
RanInt_n240_ds_10.txt	152631.00		151858.200	478.186		29.784	0.033
RanInt_n240_ss_01.txt	148687.00		148006.400	377.974		15.360	0.063
RanInt_n240_ss_02.txt	148745.00		147808.600	555.750		15.338	0.075
RanInt_n240_ss_03.txt	149235.00		148135.000	718.812		15.210	0.047
RanInt_n240_ss_04.txt	149046.00		148253.000	651.408		15.345	0.079
RanInt_n240_ss_05.txt	148889.00		148430.200	279.064		15.271	0.049
RanInt_n240_ss_06.txt	148623.00		147924.800	723.885		15.393	0.040
RanInt_n240_ss_07.txt	148480.00		148061.800	398.020		15.274	0.079
RanInt_n240_ss_08.txt	148044.00		147256.200	694.000		15.328	0.061
RanInt_n240_ss_09.txt	147786.00		147419.200	223.770		15.276	0.030
RanInt_n240_ss_10.txt	148583.00		147873.600	619.375		15.326	0.055
RanInt_n480_ds_01.txt	366330.00		365766.600	838.445		63.251	0.122
RanInt_n480_ds_02.txt	366668.00		365326.800	1233.529		63.471	0.097
RanInt_n480_ds_03.txt	366035.00		364346.400	1035.014		63.548	0.060
RanInt_n480_ds_04.txt	369207.00		367571.000	1535.050		63.723	0.084
RanInt_n480_ds_05.txt	365949.00		364502.400	1157.187		63.225	0.073
RanInt_n480_ds_06.txt	367187.00		365424.800	1162.238		63.364	0.076
RanInt_n480_ds_07.txt	366525.00		365499.800	826.420		63.553	0.040
RanInt_n480_ds_08.txt	366810.00		366391.000	281.813		63.676	0.115
RanInt_n480_ds_09.txt	366007.00		364587.200	741.509		63.251	0.124
RanInt_n480_ds_10.txt	370096.00		369214.000	727.450		63.525	0.174
RanInt_n480_ss_01.txt	356877.00		356037.200	658.888		32.652	0.106
RanInt_n480_ss_02.txt	355996.00		355308.000	729.819		32.689	0.063
RanInt_n480_ss_03.txt	356440.00		355635.600	868.140		32.473	0.081
RanInt_n480_ss_04.txt	356783.00		355722.800	809.799		32.690	0.093
RanInt_n480_ss_05.txt	357781.00		355605.600	1458.993		32.669	0.104
RanInt_n480_ss_06.txt	357163.00		355880.000	951.238		32.775	0.070
RanInt_n480_ss_07.txt	356949.00		355800.400	717.857		32.513	0.121
RanInt_n480_ss_08.txt	357604.00		356320.000	783.563		32.768	0.099
RanInt_n480_ss_09.txt	356260.00		354629.200	888.348		32.652	0.078
RanInt_n480_ss_10.txt	357883.00		356739.200	1237.146		32.736	0.091
RanInt_n960_ds_01.txt	1173767.00		1170731.800	1840.840		139.337	0.238
RanInt_n960_ds_02.txt	1176171.00		1170374.000	3419.211		139.648	0.141
RanInt_n960_ds_03.txt	1171005.00		1169278.000	1529.093		139.100	0.229
RanInt_n960_ds_04.txt	1174477.00		1170462.000	2108.574		139.812	0.284
RanInt_n960_ds_05.txt	1173372.00		1171143.600	1744.235		138.654	0.229
RanInt_n960_ds_06.txt	1170266.00		1167363.600	2593.437		139.470	0.172
RanInt_n960_ds_07.txt	1171368.00		1170216.800	1400.009		139.372	0.132
RanInt_n960_ds_08.txt	1171999.00		1169820.000	1847.683		140.065	0.148
RanInt_n960_ds_09.txt	1170473.00		1168213.600	1335.049		119.668	14.842
RanInt_n960_ds_10.txt	1173477.00		1171246.400	1974.321		107.679	0.263
RanInt_n960_ss_01.txt	1152748.00		1149143.200	2006.618		60.020	4.276
RanInt_n960_ss_02.txt	1151195.00		1149477.200	1042.569		55.754	0.115
RanInt_n960_ss_03.txt	1152093.00		1150437.200	1661.738		55.434	0.081
RanInt_n960_ss_04.txt	1150602.00		1149774.200	891.088		55.679	0.074
RanInt_n960_ss_05.txt	1151266.00		1148715.000	1932.309		55.990	0.521
RanInt_n960_ss_06.txt	1151754.00		1150726.000	846.266		57.254	0.474
RanInt_n960_ss_07.txt	1150369.00		1149494.000	867.391		57.031	0.160
RanInt_n960_ss_08.txt	1152209.00		1150717.200	1039.860		57.223	0.428
RanInt_n960_ss_09.txt	1151565.00		1148406.200	1988.379		57.733	0.368
RanInt_n960_ss_10.txt	1149050.00		1147953.200	695.446		61.067	2.507
RanReal_n120_ds_01.txt	48507.21		48093.783	320.205		12.016	0.045
RanReal_n120_ds_02.txt	48507.76		48212.098	269.780		11.975	0.030
RanReal_n120_ds_03.txt	48030.79		47670.150	257.642		12.025	0.020
RanReal_n120_ds_04.txt	48585.73		47849.928	499.844		11.983	0.014
RanReal_n120_ds_05.txt	47156.81		46811.036	283.797		11.966	0.036
RanReal_n120_ds_06.txt	48148.30		47785.379	218.433		12.042	0.043
RanReal_n120_ds_07.txt	48255.19		47854.327	339.932		12.038	0.047
RanReal_n120_ds_08.txt	48399.86		48054.355	356.896		12.008	0.043
RanReal_n120_ds_09.txt	48322.11		47927.492	310.583		12.016	0.042
RanReal_n120_ds_10.txt	47605.72		47325.364	218.335		12.043	0.019
RanReal_n120_ss_01.txt	45871.17		45186.040	386.736		6.191	0.111
RanReal_n120_ss_02.txt	45272.41		44853.846	251.280		6.162	0.170
RanReal_n120_ss_03.txt	45450.09		44866.966	394.439		6.141	0.173
RanReal_n120_ss_04.txt	45906.34		45660.721	228.453		6.206	0.102
RanReal_n120_ss_05.txt	45011.12		44723.955	261.938		6.186	0.199
RanReal_n120_ss_06.txt	45359.34		45076.964	225.238		6.015	0.294
RanReal_n120_ss_07.txt	44984.79		44842.015	143.510		5.470	0.046
RanReal_n120_ss_08.txt	45891.35		45250.267	383.222		5.475	0.022
RanReal_n120_ss_09.txt	45557.76		45293.123	258.638		5.427	0.023
RanReal_n120_ss_10.txt	45190.58		45006.770	94.134		5.636	0.234
RanReal_n240_ds_01.txt	152891.43		151993.319	532.226		23.067	0.197
RanReal_n240_ds_02.txt	152872.56		152710.685	152.357		23.263	0.324
RanReal_n240_ds_03.txt	152767.15		151417.349	754.111		23.257	0.174
RanReal_n240_ds_04.txt	153916.06		153593.557	240.890		23.226	0.174
RanReal_n240_ds_05.txt	151422.31		150490.365	601.367		23.227	0.216
RanReal_n240_ds_06.txt	153600.66		153097.158	452.042		22.957	0.020
RanReal_n240_ds_07.txt	152818.67		151588.913	679.696		23.225	0.199
RanReal_n240_ds_08.txt	151976.56		150652.616	845.337		23.178	0.250
RanReal_n240_ds_09.txt	152487.46		151567.568	756.166		22.944	0.354
RanReal_n240_ds_10.txt	153051.06		151116.475	1057.430		23.194	0.220
RanReal_n240_ss_01.txt	148122.83		147175.494	699.553		12.158	0.360
RanReal_n240_ss_02.txt	147949.92		147670.726	247.615		12.208	0.284
RanReal_n240_ss_03.txt	148207.02		147611.710	423.692		12.289	0.219
RanReal_n240_ss_04.txt	148317.93		147496.450	773.280		12.207	0.185
RanReal_n240_ss_05.txt	147052.74		146828.124	239.853		12.317	0.505
RanReal_n240_ss_06.txt	148461.56		147697.844	639.899		13.083	0.649
RanReal_n240_ss_07.txt	148382.11		147681.317	646.210		11.984	0.186
RanReal_n240_ss_08.txt	148150.78		147605.342	490.103		12.153	0.214
RanReal_n240_ss_09.txt	148791.97		147768.175	536.518		12.173	0.213
RanReal_n240_ss_10.txt	148437.05		147979.977	284.655		11.977	0.206
RanReal_n480_ds_01.txt	364486.37		363816.362	499.656		48.876	0.223
RanReal_n480_ds_02.txt	364754.04		363616.896	797.033		49.004	0.163
RanReal_n480_ds_03.txt	366134.48		364728.652	962.631		48.926	0.042
RanReal_n480_ds_04.txt	367193.72		366028.129	1182.399		48.870	0.078
RanReal_n480_ds_05.txt	364462.44		363774.465	665.365		48.936	0.205
RanReal_n480_ds_06.txt	366684.05		365481.836	1113.013		49.082	0.063
RanReal_n480_ds_07.txt	367059.69		364857.605	1113.864		48.715	0.146
RanReal_n480_ds_08.txt	367664.49		366377.486	1005.215		49.124	0.086
RanReal_n480_ds_09.txt	364747.86		363784.449	826.575		48.937	0.126
RanReal_n480_ds_10.txt	369157.67		367961.240	1175.777		48.990	0.573
RanReal_n480_ss_01.txt	355231.81		354453.115	646.391		25.104	0.083
RanReal_n480_ss_02.txt	354982.67		354625.234	358.684		25.373	0.185
RanReal_n480_ss_03.txt	356579.89		355337.946	780.286		25.148	0.214
RanReal_n480_ss_04.txt	354685.06		353702.643	909.667		25.226	0.079
RanReal_n480_ss_05.txt	355946.55		354969.880	645.045		25.147	0.048
RanReal_n480_ss_06.txt	357199.26		355889.324	1120.725		25.273	0.129
RanReal_n480_ss_07.txt	357026.99		355583.609	843.602		25.152	0.064
RanReal_n480_ss_08.txt	355517.89		354862.655	577.998		25.259	0.143
RanReal_n480_ss_09.txt	355362.75		354544.346	905.380		25.108	0.121
RanReal_n480_ss_10.txt	355648.93		355229.156	258.220		25.252	0.244
RanReal_n960_ds_01.txt	1173546.40		1169890.237	3334.534		107.761	0.170
RanReal_n960_ds_02.txt	1170503.16		1167402.678	2012.622		107.200	0.279
RanReal_n960_ds_03.txt	1171671.48		1169447.115	1992.519		107.183	0.121
RanReal_n960_ds_04.txt	1170734.24		1169687.630	790.796		108.018	0.188
RanReal_n960_ds_05.txt	1169913.32		1167625.736	1522.286		106.876	0.172
RanReal_n960_ds_06.txt	1167478.45		1164861.449	1410.941		107.766	0.106
RanReal_n960_ds_07.txt	1171270.99		1168247.715	1910.562		109.866	2.721
RanReal_n960_ds_08.txt	1168381.61		1166539.843	1469.719		111.451	1.486
RanReal_n960_ds_09.txt	1170640.17		1167346.840	2225.056		110.644	0.633
RanReal_n960_ds_10.txt	1174915.66		1172569.345	1397.196		111.307	0.467
RanReal_n960_ss_01.txt	1152287.41		1148069.432	2585.852		58.514	0.346
RanReal_n960_ss_02.txt	1149415.11		1146644.192	2022.055		58.540	0.586
RanReal_n960_ss_03.txt	1149257.18		1147976.872	967.461		58.468	0.282
RanReal_n960_ss_04.txt	1150059.55		1148054.801	1727.166		57.917	0.295
RanReal_n960_ss_05.txt	1147127.62		1145786.644	1118.654		57.881	0.580
RanReal_n960_ss_06.txt	1147154.46		1146365.728	473.776		57.833	0.309
RanReal_n960_ss_07.txt	1151411.67		1147126.381	2179.724		57.525	0.285
RanReal_n960_ss_08.txt	1146663.93		1145331.770	1132.944		57.559	0.215
RanReal_n960_ss_09.txt	1150411.84		1148662.628	1341.907		57.134	0.391
RanReal_n960_ss_10.txt	1148513.83		1147268.946	1002.414		55.970	0.750
