Instância	melhor custo	média custo		std custo	média tempo		std tempo


############################Aleatório############################

Geo_n120_ds_01.txt	111148.35		110543.557	333.991		4.987	0.193
Geo_n120_ds_02.txt	61692.75		61294.535	217.677		4.798	0.079
Geo_n120_ds_03.txt	51765.15		51585.821	125.949		4.701	0.116
Geo_n120_ds_04.txt	80357.46		80055.047	230.338		4.871	0.116
Geo_n120_ds_05.txt	121301.50		120898.991	408.981		5.626	0.602
Geo_n120_ds_06.txt	136223.26		135980.105	169.411		4.972	0.205
Geo_n120_ds_07.txt	108054.46		107186.906	448.346		4.913	0.077
Geo_n120_ds_08.txt	87759.28		87712.753	34.222		4.816	0.089
Geo_n120_ds_09.txt	94579.07		94460.783	74.608		4.769	0.159
Geo_n120_ds_10.txt	65203.26		65116.239	69.517		4.853	0.031
Geo_n120_ss_01.txt	101364.31		101309.663	37.826		2.377	0.015
Geo_n120_ss_02.txt	54701.80		54686.575	22.804		2.523	0.081
Geo_n120_ss_03.txt	47537.92		47502.491	30.383		2.547	0.137
Geo_n120_ss_04.txt	73250.65		73232.639	21.350		2.520	0.137
Geo_n120_ss_05.txt	112362.28		112292.634	48.229		2.504	0.091
Geo_n120_ss_06.txt	125097.16		125029.032	57.780		2.411	0.039
Geo_n120_ss_07.txt	98207.53		98164.353	42.168		2.499	0.070
Geo_n120_ss_08.txt	79721.93		79686.234	42.203		2.568	0.107
Geo_n120_ss_09.txt	86966.16		86943.316	17.102		2.393	0.010
Geo_n120_ss_10.txt	60070.74		60038.030	25.643		3.215	0.106
Geo_n240_ds_01.txt	199813.07		199321.685	600.156		10.354	0.255
Geo_n240_ds_02.txt	346219.65		346082.365	144.347		10.408	0.253
Geo_n240_ds_03.txt	216562.20		216375.390	243.999		10.046	0.166
Geo_n240_ds_04.txt	262475.54		261560.949	783.420		10.074	0.081
Geo_n240_ds_05.txt	312309.11		311942.798	504.235		10.003	0.223
Geo_n240_ds_06.txt	357431.71		356887.831	460.686		10.048	0.095
Geo_n240_ds_07.txt	340698.13		339458.485	1010.780		10.008	0.145
Geo_n240_ds_08.txt	130911.99		130805.859	89.991		10.187	0.301
Geo_n240_ds_09.txt	408933.93		408166.173	914.807		10.134	0.123
Geo_n240_ds_10.txt	354137.19		353678.303	470.087		10.114	0.275
Geo_n240_ss_01.txt	188568.77		188517.762	27.064		5.375	0.217
Geo_n240_ss_02.txt	329697.57		329613.417	49.915		5.183	0.115
Geo_n240_ss_03.txt	206625.30		206605.628	14.685		5.622	0.252
Geo_n240_ss_04.txt	245907.44		245863.127	40.897		5.267	0.159
Geo_n240_ss_05.txt	298109.88		298049.289	47.200		5.462	0.213
Geo_n240_ss_06.txt	337942.31		337813.539	82.928		5.557	0.299
Geo_n240_ss_07.txt	325425.31		325296.903	99.588		5.380	0.240
Geo_n240_ss_08.txt	126793.04		126772.069	22.920		5.176	0.153
Geo_n240_ss_09.txt	390793.44		390728.007	39.519		5.459	0.346
Geo_n240_ss_10.txt	338916.50		338782.719	132.183		5.389	0.198
Geo_n480_ds_01.txt	579800.71		577873.022	1513.349		21.410	0.445
Geo_n480_ds_02.txt	1086954.08		1084363.033	1674.298		21.201	0.218
Geo_n480_ds_03.txt	662288.06		660324.006	1859.162		21.167	0.231
Geo_n480_ds_04.txt	834173.65		832850.331	1140.203		21.184	0.235
Geo_n480_ds_05.txt	985683.94		983380.573	1757.894		21.199	0.280
Geo_n480_ds_06.txt	1009425.75		1006872.074	2174.158		21.305	0.354
Geo_n480_ds_07.txt	861742.08		859034.824	2284.661		21.298	0.315
Geo_n480_ds_08.txt	585502.39		584090.215	1913.913		21.491	0.291
Geo_n480_ds_09.txt	665063.05		664123.397	594.763		21.355	0.215
Geo_n480_ds_10.txt	934866.14		932324.138	2667.262		21.148	0.163
Geo_n480_ss_01.txt	551159.85		551017.109	95.671		11.313	0.358
Geo_n480_ss_02.txt	1045638.81		1045522.969	104.621		11.673	0.412
Geo_n480_ss_03.txt	632434.30		632292.010	104.354		11.295	0.208
Geo_n480_ss_04.txt	788278.92		788125.928	97.509		11.443	0.440
Geo_n480_ss_05.txt	944249.10		944160.797	62.746		11.256	0.170
Geo_n480_ss_06.txt	965184.90		964984.126	132.377		11.255	0.397
Geo_n480_ss_07.txt	826044.49		825914.218	87.359		11.180	0.239
Geo_n480_ss_08.txt	555575.69		555502.967	81.106		11.427	0.220
Geo_n480_ss_09.txt	635216.32		635060.190	169.495		11.219	0.283
Geo_n480_ss_10.txt	882023.63		881790.821	173.971		11.263	0.244
Geo_n960_ds_01.txt	3357135.17		3353865.139	4974.377		40.980	5.284
Geo_n960_ds_02.txt	1719323.57		1718439.021	1011.753		35.794	0.675
Geo_n960_ds_03.txt	3344824.95		3340894.121	2945.017		35.513	0.629
Geo_n960_ds_04.txt	3615828.48		3613604.865	2485.339		35.133	0.271
Geo_n960_ds_05.txt	2337804.85		2336426.806	1562.389		35.550	0.584
Geo_n960_ds_06.txt	3147102.83		3143754.819	2373.315		35.598	0.843
Geo_n960_ds_07.txt	1300111.70		1299477.705	756.114		34.899	0.123
Geo_n960_ds_08.txt	1720524.66		1718930.098	1399.456		35.479	0.423
Geo_n960_ds_09.txt	1892779.91		1890090.041	3043.204		35.536	0.543
Geo_n960_ds_10.txt	2612872.88		2610295.001	1920.185		35.759	0.808
Geo_n960_ss_01.txt	3250557.37		3250320.801	148.413		19.193	0.680
Geo_n960_ss_02.txt	1661816.23		1661663.543	117.199		18.605	0.242
Geo_n960_ss_03.txt	3247988.23		3247682.079	298.497		18.604	0.619
Geo_n960_ss_04.txt	3510712.81		3510219.351	297.164		19.390	0.750
Geo_n960_ss_05.txt	2262160.44		2261935.701	163.837		18.536	0.522
Geo_n960_ss_06.txt	3066211.29		3065846.931	312.570		19.155	0.835
Geo_n960_ss_07.txt	1256642.67		1256529.189	79.769		18.928	0.253
Geo_n960_ss_08.txt	1672085.76		1671841.271	233.986		19.301	0.411
Geo_n960_ss_09.txt	1833431.53		1833051.441	196.644		19.006	0.627
Geo_n960_ss_10.txt	2525908.31		2525587.587	175.373		18.660	0.386
RanInt_n120_ds_01.txt	49120.00		48470.600	526.469		3.542	0.074
RanInt_n120_ds_02.txt	49462.00		48784.000	520.264		3.569	0.075
RanInt_n120_ds_03.txt	47980.00		47589.800	513.795		3.535	0.093
RanInt_n120_ds_04.txt	47772.00		47442.200	303.392		3.569	0.047
RanInt_n120_ds_05.txt	48137.00		47666.000	338.415		3.615	0.074
RanInt_n120_ds_06.txt	47011.00		46810.800	171.572		3.605	0.060
RanInt_n120_ds_07.txt	47520.00		47350.800	243.763		3.596	0.079
RanInt_n120_ds_08.txt	48307.00		47900.000	375.597		3.561	0.060
RanInt_n120_ds_09.txt	47771.00		47691.000	81.963		3.591	0.074
RanInt_n120_ds_10.txt	48052.00		47299.000	580.623		3.581	0.072
RanInt_n120_ss_01.txt	46142.00		45420.000	373.942		1.898	0.094
RanInt_n120_ss_02.txt	45700.00		45219.800	439.469		1.940	0.051
RanInt_n120_ss_03.txt	45146.00		44831.400	184.637		1.909	0.046
RanInt_n120_ss_04.txt	45430.00		45025.600	254.416		1.951	0.120
RanInt_n120_ss_05.txt	45156.00		44812.200	336.712		1.922	0.113
RanInt_n120_ss_06.txt	45088.00		44332.000	403.112		1.896	0.057
RanInt_n120_ss_07.txt	45250.00		44741.600	376.549		1.905	0.099
RanInt_n120_ss_08.txt	45264.00		44607.000	406.742		1.888	0.074
RanInt_n120_ss_09.txt	45433.00		45051.800	327.544		1.971	0.080
RanInt_n120_ss_10.txt	45300.00		45029.200	227.268		1.948	0.056
RanInt_n240_ds_01.txt	152342.00		151039.400	1058.440		7.749	0.109
RanInt_n240_ds_02.txt	153476.00		152621.600	668.647		7.758	0.105
RanInt_n240_ds_03.txt	152006.00		151773.200	219.036		7.643	0.087
RanInt_n240_ds_04.txt	153997.00		152879.000	1048.478		7.862	0.317
RanInt_n240_ds_05.txt	152341.00		151712.000	598.511		7.805	0.043
RanInt_n240_ds_06.txt	151687.00		151384.200	215.709		7.779	0.098
RanInt_n240_ds_07.txt	152401.00		150994.600	774.148		7.756	0.095
RanInt_n240_ds_08.txt	151264.00		149867.400	1065.057		7.789	0.118
RanInt_n240_ds_09.txt	153381.00		150526.200	1738.162		7.860	0.325
RanInt_n240_ds_10.txt	151833.00		151100.200	878.552		7.881	0.282
RanInt_n240_ss_01.txt	148106.00		146716.000	1013.952		4.186	0.315
RanInt_n240_ss_02.txt	146790.00		145478.400	845.184		4.234	0.191
RanInt_n240_ss_03.txt	148690.00		146659.400	1485.313		4.238	0.204
RanInt_n240_ss_04.txt	148580.00		148027.800	503.543		4.124	0.060
RanInt_n240_ss_05.txt	148542.00		147394.200	1090.618		4.158	0.143
RanInt_n240_ss_06.txt	148370.00		146936.800	831.116		4.240	0.213
RanInt_n240_ss_07.txt	147740.00		146136.200	945.637		4.214	0.088
RanInt_n240_ss_08.txt	147253.00		146345.400	676.258		4.114	0.098
RanInt_n240_ss_09.txt	147101.00		146585.400	446.640		4.096	0.129
RanInt_n240_ss_10.txt	148518.00		147483.400	664.807		4.069	0.114
RanInt_n480_ds_01.txt	367430.00		363769.200	2150.442		16.391	0.249
RanInt_n480_ds_02.txt	365474.00		363412.800	2065.514		16.416	0.262
RanInt_n480_ds_03.txt	365924.00		362677.000	2477.824		16.175	0.177
RanInt_n480_ds_04.txt	367736.00		366104.000	2172.560		16.255	0.132
RanInt_n480_ds_05.txt	362663.00		360197.400	2169.780		16.450	0.143
RanInt_n480_ds_06.txt	364633.00		363698.400	804.577		16.274	0.107
RanInt_n480_ds_07.txt	365475.00		363095.000	1405.102		16.548	0.210
RanInt_n480_ds_08.txt	367539.00		365157.600	1977.301		16.303	0.229
RanInt_n480_ds_09.txt	365438.00		363976.200	1199.275		16.246	0.136
RanInt_n480_ds_10.txt	368938.00		365723.600	2164.117		16.659	0.237
RanInt_n480_ss_01.txt	354913.00		353453.800	1450.370		8.584	0.170
RanInt_n480_ss_02.txt	354749.00		353857.200	929.465		8.467	0.078
RanInt_n480_ss_03.txt	353908.00		352565.400	1055.607		8.527	0.197
RanInt_n480_ss_04.txt	355126.00		352940.400	2310.045		8.505	0.173
RanInt_n480_ss_05.txt	356175.00		351313.600	3595.466		8.569	0.279
RanInt_n480_ss_06.txt	355813.00		353567.000	1481.915		8.604	0.172
RanInt_n480_ss_07.txt	354916.00		351659.400	2800.812		8.763	0.147
RanInt_n480_ss_08.txt	355685.00		353655.000	1687.134		8.513	0.162
RanInt_n480_ss_09.txt	354909.00		352973.400	1959.969		8.715	0.216
RanInt_n480_ss_10.txt	355782.00		353336.800	1535.304		8.682	0.261
RanInt_n960_ds_01.txt	1162937.00		1159550.200	3322.606		36.173	0.512
RanInt_n960_ds_02.txt	1165388.00		1154642.800	7319.844		36.515	0.933
RanInt_n960_ds_03.txt	1165003.00		1158202.800	4675.778		35.786	0.542
RanInt_n960_ds_04.txt	1164174.00		1160345.600	3838.331		36.150	0.860
RanInt_n960_ds_05.txt	1166989.00		1161029.200	3828.027		36.212	0.581
RanInt_n960_ds_06.txt	1170990.00		1161032.600	7849.796		35.584	0.443
RanInt_n960_ds_07.txt	1169144.00		1167138.400	2914.069		35.522	0.121
RanInt_n960_ds_08.txt	1167696.00		1163276.200	5125.285		35.820	0.568
RanInt_n960_ds_09.txt	1165402.00		1153762.000	8545.656		36.259	1.081
RanInt_n960_ds_10.txt	1169045.00		1161015.400	6227.987		36.266	0.608
RanInt_n960_ss_01.txt	1143511.00		1142065.800	1670.464		18.688	0.365
RanInt_n960_ss_02.txt	1146594.00		1139193.000	6553.481		18.723	0.485
RanInt_n960_ss_03.txt	1148330.00		1143912.200	5176.788		18.821	0.619
RanInt_n960_ss_04.txt	1145731.00		1142745.800	2059.587		18.926	0.396
RanInt_n960_ss_05.txt	1146805.00		1141727.000	5046.126		19.178	1.001
RanInt_n960_ss_06.txt	1149703.00		1139761.600	7269.810		19.172	0.641
RanInt_n960_ss_07.txt	1152469.00		1142396.800	8551.051		18.897	0.303
RanInt_n960_ss_08.txt	1146439.00		1135780.600	5929.748		19.344	0.656
RanInt_n960_ss_09.txt	1147394.00		1135480.000	6821.830		19.050	0.551
RanInt_n960_ss_10.txt	1150697.00		1143749.000	5067.498		18.547	0.207
RanReal_n120_ds_01.txt	47689.11		47374.214	312.744		3.545	0.053
RanReal_n120_ds_02.txt	48279.46		47809.029	555.772		3.623	0.094
RanReal_n120_ds_03.txt	47643.76		47294.087	381.481		3.590	0.036
RanReal_n120_ds_04.txt	48001.62		47763.454	174.130		3.571	0.080
RanReal_n120_ds_05.txt	47413.05		46958.489	532.504		3.595	0.125
RanReal_n120_ds_06.txt	48059.57		47731.014	188.013		3.632	0.066
RanReal_n120_ds_07.txt	47459.18		47248.906	136.876		3.564	0.041
RanReal_n120_ds_08.txt	48446.80		47662.381	427.195		3.603	0.060
RanReal_n120_ds_09.txt	47603.60		47490.138	68.712		3.610	0.046
RanReal_n120_ds_10.txt	47358.90		46697.482	462.464		3.668	0.078
RanReal_n120_ss_01.txt	45603.69		44940.728	417.332		1.957	0.080
RanReal_n120_ss_02.txt	44965.32		44592.035	209.036		1.932	0.068
RanReal_n120_ss_03.txt	45202.26		44790.633	230.391		1.900	0.109
RanReal_n120_ss_04.txt	45235.45		44991.739	224.234		1.852	0.034
RanReal_n120_ss_05.txt	44811.78		44440.365	327.491		1.870	0.068
RanReal_n120_ss_06.txt	45016.20		44612.176	236.443		1.944	0.102
RanReal_n120_ss_07.txt	44360.75		44128.287	233.926		1.994	0.099
RanReal_n120_ss_08.txt	45288.89		45034.114	392.538		1.861	0.044
RanReal_n120_ss_09.txt	45399.52		45062.765	401.255		1.953	0.076
RanReal_n120_ss_10.txt	45233.45		44694.474	365.078		1.922	0.075
RanReal_n240_ds_01.txt	151889.00		151287.198	698.933		7.740	0.124
RanReal_n240_ds_02.txt	153582.88		152362.191	797.802		7.714	0.123
RanReal_n240_ds_03.txt	151159.11		149834.842	859.550		7.832	0.161
RanReal_n240_ds_04.txt	154164.73		152363.798	1341.144		7.809	0.169
RanReal_n240_ds_05.txt	151951.48		150878.198	707.945		7.649	0.109
RanReal_n240_ds_06.txt	154096.44		153295.127	633.913		7.656	0.063
RanReal_n240_ds_07.txt	151871.13		150863.987	959.819		7.781	0.198
RanReal_n240_ds_08.txt	150117.18		149409.499	1087.919		7.865	0.095
RanReal_n240_ds_09.txt	151750.29		150581.879	700.697		7.802	0.140
RanReal_n240_ds_10.txt	151980.58		151515.396	252.596		7.773	0.066
RanReal_n240_ss_01.txt	147078.16		146370.581	531.056		4.066	0.204
RanReal_n240_ss_02.txt	147277.00		146627.214	401.463		4.143	0.152
RanReal_n240_ss_03.txt	148192.70		146908.634	1029.176		4.010	0.049
RanReal_n240_ss_04.txt	147754.63		146688.510	810.288		4.089	0.182
RanReal_n240_ss_05.txt	147392.73		146304.779	616.093		3.997	0.083
RanReal_n240_ss_06.txt	148453.54		146770.658	1204.019		4.263	0.210
RanReal_n240_ss_07.txt	147988.64		146968.385	589.705		4.004	0.142
RanReal_n240_ss_08.txt	147861.20		147182.018	661.107		3.958	0.058
RanReal_n240_ss_09.txt	146216.36		145392.270	811.737		4.339	0.200
RanReal_n240_ss_10.txt	147660.33		147085.132	768.870		3.978	0.084
RanReal_n480_ds_01.txt	363745.48		362187.756	1706.452		16.235	0.164
RanReal_n480_ds_02.txt	363508.10		359762.838	3389.011		16.575	0.378
RanReal_n480_ds_03.txt	364026.75		360898.311	1623.069		16.492	0.346
RanReal_n480_ds_04.txt	366383.62		363507.494	2068.085		16.399	0.217
RanReal_n480_ds_05.txt	361278.16		359777.988	1396.727		16.435	0.173
RanReal_n480_ds_06.txt	364052.77		362385.891	1212.681		16.664	0.207
RanReal_n480_ds_07.txt	363917.63		361182.798	1651.930		16.509	0.157
RanReal_n480_ds_08.txt	364800.22		363307.125	1758.814		16.624	0.340
RanReal_n480_ds_09.txt	364687.09		362807.631	2288.690		16.298	0.189
RanReal_n480_ds_10.txt	367623.34		365580.576	2761.797		16.444	0.323
RanReal_n480_ss_01.txt	353929.97		349755.702	3541.896		9.025	0.472
RanReal_n480_ss_02.txt	353458.28		350742.736	2006.303		8.667	0.202
RanReal_n480_ss_03.txt	354487.44		352841.655	1656.572		8.690	0.107
RanReal_n480_ss_04.txt	353759.00		351845.269	1108.113		8.609	0.190
RanReal_n480_ss_05.txt	354594.59		352880.398	1614.169		8.461	0.172
RanReal_n480_ss_06.txt	354805.34		353665.473	833.914		8.372	0.105
RanReal_n480_ss_07.txt	354953.06		350838.891	2446.109		8.820	0.373
RanReal_n480_ss_08.txt	350179.72		348839.218	1318.876		8.792	0.230
RanReal_n480_ss_09.txt	352749.84		350234.701	1485.362		8.592	0.134
RanReal_n480_ss_10.txt	355688.41		354037.038	1279.247		8.575	0.217
RanReal_n960_ds_01.txt	1169693.61		1159268.321	13140.129		35.637	1.216
RanReal_n960_ds_02.txt	1168564.65		1159058.000	7912.559		35.632	0.562
RanReal_n960_ds_03.txt	1172312.50		1165338.779	5075.183		35.425	0.398
RanReal_n960_ds_04.txt	1170503.38		1166418.091	3845.727		35.373	0.444
RanReal_n960_ds_05.txt	1168907.24		1161135.850	5100.122		35.252	0.311
RanReal_n960_ds_06.txt	1165427.49		1154871.357	6988.845		35.817	0.647
RanReal_n960_ds_07.txt	1167423.08		1160630.486	3792.195		35.617	0.661
RanReal_n960_ds_08.txt	1165548.19		1159950.907	5315.956		35.551	0.374
RanReal_n960_ds_09.txt	1166988.02		1163577.668	3360.678		34.950	0.253
RanReal_n960_ds_10.txt	1172168.12		1166849.226	4732.704		35.401	0.341
RanReal_n960_ss_01.txt	1146224.98		1138661.942	8070.888		18.489	0.612
RanReal_n960_ss_02.txt	1146796.56		1141177.843	6382.885		18.841	0.718
RanReal_n960_ss_03.txt	1143836.04		1138370.933	4166.612		19.045	0.629
RanReal_n960_ss_04.txt	1146091.67		1140393.893	4905.711		18.542	0.200
RanReal_n960_ss_05.txt	1143565.49		1134748.068	8958.547		19.103	0.620
RanReal_n960_ss_06.txt	1144419.13		1139189.179	5617.553		18.739	0.402
RanReal_n960_ss_07.txt	1145995.82		1137858.884	8879.808		18.947	0.784
RanReal_n960_ss_08.txt	1141290.02		1135398.919	6159.144		18.831	0.466
RanReal_n960_ss_09.txt	1144500.82		1133613.511	5807.150		18.900	0.243
RanReal_n960_ss_10.txt	1146060.09		1140097.000	5373.265		19.285	0.681


############################GRASP############################

Geo_n120_ds_01.txt	111483.78		110525.682	859.870		3.610	0.051
Geo_n120_ds_02.txt	61694.47		61395.642	312.622		3.651	0.056
Geo_n120_ds_03.txt	51917.23		51722.585	146.908		3.627	0.055
Geo_n120_ds_04.txt	80467.31		80353.599	199.357		3.651	0.087
Geo_n120_ds_05.txt	121118.52		120288.211	807.014		3.674	0.113
Geo_n120_ds_06.txt	135971.56		135664.375	190.398		3.693	0.061
Geo_n120_ds_07.txt	108075.86		107910.592	198.919		3.669	0.060
Geo_n120_ds_08.txt	87780.45		87744.952	21.697		3.666	0.046
Geo_n120_ds_09.txt	94910.89		94566.850	174.170		3.635	0.071
Geo_n120_ds_10.txt	65176.37		65095.786	110.789		3.612	0.041
Geo_n120_ss_01.txt	101329.27		101294.700	23.021		1.968	0.056
Geo_n120_ss_02.txt	54692.80		54677.886	23.055		1.994	0.068
Geo_n120_ss_03.txt	47552.86		47524.747	16.833		1.874	0.009
Geo_n120_ss_04.txt	73322.50		73232.725	70.593		1.961	0.044
Geo_n120_ss_05.txt	112347.44		112287.361	43.034		1.943	0.049
Geo_n120_ss_06.txt	125093.87		124988.365	82.982		1.993	0.050
Geo_n120_ss_07.txt	98209.35		98125.449	50.209		1.998	0.098
Geo_n120_ss_08.txt	79760.85		79678.287	52.430		2.046	0.071
Geo_n120_ss_09.txt	86972.86		86944.415	23.197		1.972	0.101
Geo_n120_ss_10.txt	60069.39		60050.040	27.121		2.080	0.073
Geo_n240_ds_01.txt	199906.08		199611.693	188.125		7.888	0.096
Geo_n240_ds_02.txt	346393.04		345949.281	395.862		8.112	0.242
Geo_n240_ds_03.txt	216514.58		216141.877	338.527		7.926	0.243
Geo_n240_ds_04.txt	262903.35		262466.835	365.059		7.899	0.107
Geo_n240_ds_05.txt	312441.43		311464.431	729.305		7.900	0.149
Geo_n240_ds_06.txt	357829.03		357382.853	296.946		7.784	0.058
Geo_n240_ds_07.txt	340807.29		338465.737	1688.184		7.985	0.118
Geo_n240_ds_08.txt	130860.52		130689.974	157.131		7.967	0.119
Geo_n240_ds_09.txt	408943.47		408323.361	821.544		8.128	0.118
Geo_n240_ds_10.txt	354179.12		353403.341	618.988		7.975	0.161
Geo_n240_ss_01.txt	188567.41		188511.198	36.331		4.204	0.069
Geo_n240_ss_02.txt	329779.05		329622.968	93.054		4.219	0.119
Geo_n240_ss_03.txt	206673.50		206616.567	38.574		4.223	0.114
Geo_n240_ss_04.txt	245924.63		245804.414	65.570		4.289	0.081
Geo_n240_ss_05.txt	298127.97		298067.425	84.957		4.316	0.162
Geo_n240_ss_06.txt	337987.78		337916.931	73.787		4.306	0.084
Geo_n240_ss_07.txt	325517.49		325415.305	56.158		4.325	0.111
Geo_n240_ss_08.txt	126788.52		126773.439	14.522		4.168	0.087
Geo_n240_ss_09.txt	390789.63		390710.961	58.848		4.182	0.078
Geo_n240_ss_10.txt	338834.89		338752.426	51.757		4.235	0.133
Geo_n480_ds_01.txt	580842.70		579479.123	1136.701		16.631	0.352
Geo_n480_ds_02.txt	1086508.45		1085143.739	765.901		16.550	0.158
Geo_n480_ds_03.txt	662243.47		660187.009	1384.035		16.624	0.346
Geo_n480_ds_04.txt	833611.50		831436.429	2031.073		16.715	0.344
Geo_n480_ds_05.txt	985504.66		981980.845	3993.816		16.728	0.257
Geo_n480_ds_06.txt	1009587.97		1007930.955	2246.663		16.529	0.261
Geo_n480_ds_07.txt	862116.11		858936.932	1737.196		16.752	0.260
Geo_n480_ds_08.txt	585539.71		583805.988	1389.169		16.514	0.201
Geo_n480_ds_09.txt	665494.28		663685.753	1263.284		16.742	0.362
Geo_n480_ds_10.txt	934684.18		932298.901	1511.825		16.535	0.148
Geo_n480_ss_01.txt	551176.28		551060.275	86.466		8.950	0.306
Geo_n480_ss_02.txt	1045936.19		1045753.314	154.323		8.637	0.066
Geo_n480_ss_03.txt	632579.95		632408.804	160.036		8.733	0.165
Geo_n480_ss_04.txt	788377.83		788185.161	128.383		8.880	0.210
Geo_n480_ss_05.txt	944403.38		944327.908	58.228		8.807	0.258
Geo_n480_ss_06.txt	965028.23		964782.278	173.516		9.040	0.288
Geo_n480_ss_07.txt	826211.30		826074.481	147.705		8.649	0.122
Geo_n480_ss_08.txt	555528.69		555462.221	81.086		9.023	0.371
Geo_n480_ss_09.txt	635180.39		635074.679	64.065		8.747	0.257
Geo_n480_ss_10.txt	881959.71		881751.208	157.389		8.682	0.099
Geo_n960_ds_01.txt	3357068.91		3350869.952	9543.024		36.108	0.554
Geo_n960_ds_02.txt	1719060.58		1717839.659	911.178		35.925	0.454
Geo_n960_ds_03.txt	3344766.59		3340079.867	4299.504		36.047	0.716
Geo_n960_ds_04.txt	3616287.17		3611180.608	3228.043		36.370	0.604
Geo_n960_ds_05.txt	2336457.62		2334711.968	1555.296		35.896	0.303
Geo_n960_ds_06.txt	3146436.40		3145483.932	1127.956		35.671	0.212
Geo_n960_ds_07.txt	1299621.98		1296279.355	4121.528		35.826	0.359
Geo_n960_ds_08.txt	1719969.83		1718743.072	928.521		36.934	0.718
Geo_n960_ds_09.txt	1892853.86		1891415.577	1134.803		36.050	0.520
Geo_n960_ds_10.txt	2612732.46		2610212.594	3685.627		36.543	1.181
Geo_n960_ss_01.txt	3251000.07		3250654.266	300.118		19.160	0.623
Geo_n960_ss_02.txt	1661702.46		1661499.855	175.742		19.976	0.870
Geo_n960_ss_03.txt	3248167.57		3247982.904	182.022		19.200	0.717
Geo_n960_ss_04.txt	3510796.58		3510524.137	223.576		19.017	0.314
Geo_n960_ss_05.txt	2262071.12		2261747.834	256.502		19.467	0.573
Geo_n960_ss_06.txt	3066472.45		3065858.025	327.616		19.208	0.298
Geo_n960_ss_07.txt	1256575.63		1256413.002	125.296		19.183	0.322
Geo_n960_ss_08.txt	1672120.34		1671992.448	128.066		19.760	0.313
Geo_n960_ss_09.txt	1833491.14		1833219.418	291.249		19.508	0.619
Geo_n960_ss_10.txt	2526117.91		2525715.272	254.096		19.642	1.013
RanInt_n120_ds_01.txt	48908.00		48075.000	443.680		3.711	0.104
RanInt_n120_ds_02.txt	49377.00		48881.600	373.725		3.689	0.081
RanInt_n120_ds_03.txt	47633.00		47245.400	346.052		3.675	0.041
RanInt_n120_ds_04.txt	48342.00		47595.600	450.110		3.789	0.104
RanInt_n120_ds_05.txt	47482.00		47134.400	208.355		3.703	0.087
RanInt_n120_ds_06.txt	47514.00		47305.400	199.417		3.641	0.054
RanInt_n120_ds_07.txt	47755.00		47185.600	392.290		3.728	0.137
RanInt_n120_ds_08.txt	48209.00		47324.400	584.113		3.805	0.114
RanInt_n120_ds_09.txt	48301.00		47651.400	361.300		3.704	0.091
RanInt_n120_ds_10.txt	47882.00		47403.000	419.673		3.692	0.098
RanInt_n120_ss_01.txt	46021.00		45170.200	502.767		1.970	0.056
RanInt_n120_ss_02.txt	45859.00		45640.600	210.474		1.926	0.037
RanInt_n120_ss_03.txt	45394.00		45051.200	199.858		1.958	0.053
RanInt_n120_ss_04.txt	45699.00		45108.200	373.703		2.022	0.125
RanInt_n120_ss_05.txt	45415.00		44822.800	465.414		1.966	0.051
RanInt_n120_ss_06.txt	45151.00		44315.400	458.597		2.020	0.086
RanInt_n120_ss_07.txt	45034.00		44664.000	264.164		1.960	0.094
RanInt_n120_ss_08.txt	45446.00		44786.000	402.464		2.051	0.135
RanInt_n120_ss_09.txt	45515.00		45092.800	248.545		1.991	0.054
RanInt_n120_ss_10.txt	45853.00		45415.600	236.957		1.964	0.097
RanInt_n240_ds_01.txt	153452.00		152474.200	762.668		7.807	0.127
RanInt_n240_ds_02.txt	152875.00		151612.200	1043.227		7.980	0.127
RanInt_n240_ds_03.txt	152597.00		151546.800	742.128		7.873	0.054
RanInt_n240_ds_04.txt	153592.00		152658.400	597.268		8.042	0.148
RanInt_n240_ds_05.txt	152885.00		151818.200	642.109		7.888	0.113
RanInt_n240_ds_06.txt	153867.00		152293.000	934.843		8.029	0.159
RanInt_n240_ds_07.txt	152274.00		150514.800	1652.167		8.079	0.256
RanInt_n240_ds_08.txt	150432.00		149692.200	495.164		8.038	0.240
RanInt_n240_ds_09.txt	152242.00		150918.600	932.446		7.885	0.143
RanInt_n240_ds_10.txt	151972.00		151374.000	422.519		8.107	0.156
RanInt_n240_ss_01.txt	147170.00		145804.600	819.611		4.541	0.093
RanInt_n240_ss_02.txt	147231.00		146349.000	563.354		4.354	0.206
RanInt_n240_ss_03.txt	147353.00		146871.800	326.914		4.348	0.086
RanInt_n240_ss_04.txt	148109.00		147287.000	670.250		4.387	0.116
RanInt_n240_ss_05.txt	148374.00		147690.200	545.152		4.358	0.205
RanInt_n240_ss_06.txt	147679.00		146834.000	704.999		4.324	0.243
RanInt_n240_ss_07.txt	147801.00		147155.800	755.298		4.316	0.111
RanInt_n240_ss_08.txt	146545.00		145761.800	506.245		4.344	0.153
RanInt_n240_ss_09.txt	148084.00		146531.200	923.727		4.251	0.176
RanInt_n240_ss_10.txt	148327.00		147166.400	922.648		4.401	0.224
RanInt_n480_ds_01.txt	366128.00		362808.600	2831.114		16.687	0.239
RanInt_n480_ds_02.txt	365289.00		363101.800	1496.940		16.542	0.048
RanInt_n480_ds_03.txt	364565.00		360434.600	3170.239		16.822	0.370
RanInt_n480_ds_04.txt	369154.00		367228.200	1352.141		16.397	0.236
RanInt_n480_ds_05.txt	365041.00		362147.200	2726.744		16.561	0.285
RanInt_n480_ds_06.txt	365254.00		363028.000	1708.928		16.949	0.154
RanInt_n480_ds_07.txt	364534.00		362406.400	1801.074		16.634	0.180
RanInt_n480_ds_08.txt	365825.00		363861.200	1283.976		16.705	0.177
RanInt_n480_ds_09.txt	365518.00		363004.200	1526.237		16.569	0.239
RanInt_n480_ds_10.txt	371420.00		367700.400	3139.832		16.852	0.429
RanInt_n480_ss_01.txt	354503.00		350583.400	2461.680		9.274	0.333
RanInt_n480_ss_02.txt	353909.00		351375.600	1984.164		9.137	0.315
RanInt_n480_ss_03.txt	354615.00		351451.600	2561.290		8.833	0.225
RanInt_n480_ss_04.txt	354838.00		351633.600	3115.493		9.051	0.350
RanInt_n480_ss_05.txt	355426.00		353768.200	1669.622		8.822	0.155
RanInt_n480_ss_06.txt	355398.00		352001.200	2298.267		8.825	0.270
RanInt_n480_ss_07.txt	355228.00		351564.400	2857.524		9.041	0.354
RanInt_n480_ss_08.txt	356332.00		353081.800	2652.369		8.971	0.201
RanInt_n480_ss_09.txt	355796.00		353945.200	1120.318		8.709	0.131
RanInt_n480_ss_10.txt	356279.00		354821.400	940.508		8.948	0.244
RanInt_n960_ds_01.txt	1172326.00		1166572.800	5521.313		36.121	0.390
RanInt_n960_ds_02.txt	1170762.00		1161800.400	5347.773		36.244	0.344
RanInt_n960_ds_03.txt	1169274.00		1159109.000	5438.597		36.499	0.427
RanInt_n960_ds_04.txt	1162216.00		1160376.200	1782.541		36.754	0.798
RanInt_n960_ds_05.txt	1167839.00		1160520.800	5802.087		36.957	0.717
RanInt_n960_ds_06.txt	1167241.00		1165618.600	2296.142		36.051	0.353
RanInt_n960_ds_07.txt	1172025.00		1166192.200	5051.637		36.030	0.362
RanInt_n960_ds_08.txt	1164210.00		1160437.800	2505.131		36.456	0.207
RanInt_n960_ds_09.txt	1166799.00		1162451.600	3882.408		36.146	0.598
RanInt_n960_ds_10.txt	1169580.00		1165565.400	3627.328		36.636	0.258
RanInt_n960_ss_01.txt	1146173.00		1142347.800	3794.324		19.063	0.386
RanInt_n960_ss_02.txt	1148816.00		1137219.200	8933.466		19.746	0.935
RanInt_n960_ss_03.txt	1141054.00		1134948.600	4876.058		19.766	0.385
RanInt_n960_ss_04.txt	1144642.00		1140528.200	3209.091		19.800	0.725
RanInt_n960_ss_05.txt	1145995.00		1138794.000	7206.700		19.240	0.643
RanInt_n960_ss_06.txt	1152171.00		1145314.800	5152.417		19.341	0.309
RanInt_n960_ss_07.txt	1145515.00		1136071.600	8318.776		19.597	0.459
RanInt_n960_ss_08.txt	1147184.00		1138168.000	6345.182		19.644	0.546
RanInt_n960_ss_09.txt	1145767.00		1142118.600	3859.891		19.312	0.575
RanInt_n960_ss_10.txt	1145029.00		1140763.000	3446.846		19.392	0.612
RanReal_n120_ds_01.txt	48438.67		47718.394	421.379		3.641	0.047
RanReal_n120_ds_02.txt	48356.86		48071.709	216.172		3.711	0.058
RanReal_n120_ds_03.txt	47745.33		47185.215	388.877		3.646	0.085
RanReal_n120_ds_04.txt	47714.24		47488.408	179.483		3.692	0.041
RanReal_n120_ds_05.txt	47053.57		46599.843	332.006		3.685	0.096
RanReal_n120_ds_06.txt	47985.57		47571.864	354.686		3.677	0.017
RanReal_n120_ds_07.txt	47876.25		47487.349	329.775		3.607	0.025
RanReal_n120_ds_08.txt	47880.96		47463.251	361.601		3.748	0.095
RanReal_n120_ds_09.txt	47762.66		47424.321	359.185		3.810	0.155
RanReal_n120_ds_10.txt	47187.28		46854.081	211.586		3.661	0.050
RanReal_n120_ss_01.txt	45137.32		44976.737	131.705		1.968	0.056
RanReal_n120_ss_02.txt	45335.78		44957.658	315.715		1.970	0.037
RanReal_n120_ss_03.txt	45040.50		44842.654	225.109		1.965	0.039
RanReal_n120_ss_04.txt	45584.75		44856.001	487.621		2.007	0.029
RanReal_n120_ss_05.txt	44734.52		44348.091	249.757		1.999	0.060
RanReal_n120_ss_06.txt	45262.88		44802.545	322.141		2.028	0.102
RanReal_n120_ss_07.txt	44964.87		44708.150	266.394		1.932	0.087
RanReal_n120_ss_08.txt	45725.50		44933.696	509.952		2.025	0.040
RanReal_n120_ss_09.txt	45224.37		44783.157	228.763		2.123	0.143
RanReal_n120_ss_10.txt	45251.23		44649.812	371.504		2.015	0.105
RanReal_n240_ds_01.txt	153404.33		151755.376	1289.224		8.056	0.129
RanReal_n240_ds_02.txt	153433.88		152563.347	534.724		7.858	0.112
RanReal_n240_ds_03.txt	152342.21		151314.350	742.477		7.954	0.239
RanReal_n240_ds_04.txt	153139.60		152079.964	716.328		8.194	0.187
RanReal_n240_ds_05.txt	150451.07		149884.785	595.316		8.094	0.115
RanReal_n240_ds_06.txt	152576.32		152346.528	152.910		8.070	0.176
RanReal_n240_ds_07.txt	150930.71		150054.215	699.614		7.990	0.089
RanReal_n240_ds_08.txt	150695.99		148906.307	1152.014		8.141	0.280
RanReal_n240_ds_09.txt	152433.29		151372.878	876.809		8.035	0.152
RanReal_n240_ds_10.txt	150925.10		150453.294	427.397		8.004	0.085
RanReal_n240_ss_01.txt	147348.05		146378.520	1110.950		4.229	0.141
RanReal_n240_ss_02.txt	147882.60		146360.048	867.812		4.349	0.193
RanReal_n240_ss_03.txt	148034.00		147091.509	901.029		4.236	0.147
RanReal_n240_ss_04.txt	148115.86		146929.920	1518.279		4.254	0.154
RanReal_n240_ss_05.txt	147304.25		146315.799	787.223		4.295	0.187
RanReal_n240_ss_06.txt	147944.84		146849.330	716.612		4.241	0.111
RanReal_n240_ss_07.txt	148411.17		146780.709	1167.620		4.330	0.195
RanReal_n240_ss_08.txt	147648.59		146591.719	852.217		4.245	0.075
RanReal_n240_ss_09.txt	147737.29		146708.887	733.906		4.257	0.111
RanReal_n240_ss_10.txt	146584.31		145716.439	580.074		4.336	0.068
RanReal_n480_ds_01.txt	365329.14		362249.815	2796.458		16.709	0.329
RanReal_n480_ds_02.txt	363900.77		359507.669	2596.020		16.964	0.257
RanReal_n480_ds_03.txt	363604.94		360373.785	2623.273		17.086	0.476
RanReal_n480_ds_04.txt	364856.30		362369.084	1581.776		16.839	0.310
RanReal_n480_ds_05.txt	365216.36		362815.005	1301.482		16.589	0.374
RanReal_n480_ds_06.txt	366592.14		362822.354	2365.970		16.855	0.247
RanReal_n480_ds_07.txt	364794.07		362893.590	1348.659		16.421	0.193
RanReal_n480_ds_08.txt	364335.45		361873.646	2400.433		16.928	0.266
RanReal_n480_ds_09.txt	364973.07		362026.897	2417.468		16.568	0.238
RanReal_n480_ds_10.txt	370463.64		367842.188	1553.211		16.524	0.154
RanReal_n480_ss_01.txt	353944.06		349448.404	3433.160		9.304	0.594
RanReal_n480_ss_02.txt	354158.05		351232.713	1958.463		9.154	0.309
RanReal_n480_ss_03.txt	353828.69		351934.714	1780.703		9.077	0.359
RanReal_n480_ss_04.txt	352790.44		350860.249	2130.825		8.965	0.318
RanReal_n480_ss_05.txt	353264.32		351554.760	1179.547		8.906	0.195
RanReal_n480_ss_06.txt	354690.44		353516.476	866.726		8.679	0.128
RanReal_n480_ss_07.txt	355165.35		352399.173	1978.724		8.782	0.142
RanReal_n480_ss_08.txt	354540.51		352586.772	1983.941		8.868	0.347
RanReal_n480_ss_09.txt	353050.74		350206.437	2286.807		8.897	0.171
RanReal_n480_ss_10.txt	355953.74		354132.687	1386.332		8.845	0.242
RanReal_n960_ds_01.txt	1166305.02		1162253.375	3143.779		36.374	0.717
RanReal_n960_ds_02.txt	1165530.79		1163317.253	1600.862		36.837	0.391
RanReal_n960_ds_03.txt	1164178.34		1158080.953	5980.619		36.985	0.524
RanReal_n960_ds_04.txt	1165110.86		1160443.925	3954.209		36.339	0.259
RanReal_n960_ds_05.txt	1166361.67		1155785.529	5675.450		36.312	0.468
RanReal_n960_ds_06.txt	1166179.13		1158545.007	6827.184		36.359	0.713
RanReal_n960_ds_07.txt	1168644.71		1161821.436	6765.746		36.045	0.414
RanReal_n960_ds_08.txt	1164924.57		1158917.865	4885.261		36.317	0.276
RanReal_n960_ds_09.txt	1163636.12		1160094.093	2161.738		36.549	0.431
RanReal_n960_ds_10.txt	1166055.06		1160263.808	3784.832		36.812	0.389
RanReal_n960_ss_01.txt	1138841.96		1130927.912	5001.194		20.282	0.683
RanReal_n960_ss_02.txt	1145972.22		1137863.157	7603.097		19.581	0.499
RanReal_n960_ss_03.txt	1145795.14		1139771.878	5826.058		18.984	0.271
RanReal_n960_ss_04.txt	1145069.62		1139604.313	3962.640		19.360	0.400
RanReal_n960_ss_05.txt	1146769.92		1138819.346	6099.876		19.249	0.218
RanReal_n960_ss_06.txt	1143232.27		1142284.868	777.069		19.307	0.511
RanReal_n960_ss_07.txt	1144060.42		1139301.427	4673.205		19.394	0.218
RanReal_n960_ss_08.txt	1145113.65		1135181.362	5363.135		19.784	0.632
RanReal_n960_ss_09.txt	1140278.38		1136112.969	2986.040		19.619	0.390
RanReal_n960_ss_10.txt	1145488.96		1138702.215	7132.464		19.614	0.785


############################WJ############################

Geo_n120_ds_01.txt	111461.00		110751.002	500.930		3.700	0.083
Geo_n120_ds_02.txt	61581.20		61166.250	353.584		3.678	0.084
Geo_n120_ds_03.txt	51887.48		51548.221	338.841		3.533	0.042
Geo_n120_ds_04.txt	80389.20		80294.534	65.286		3.616	0.042
Geo_n120_ds_05.txt	121105.63		120159.336	874.069		3.611	0.060
Geo_n120_ds_06.txt	136171.61		136048.844	100.571		3.635	0.047
Geo_n120_ds_07.txt	108062.87		107242.249	464.473		3.628	0.087
Geo_n120_ds_08.txt	87838.08		87691.153	80.823		3.615	0.045
Geo_n120_ds_09.txt	95065.47		94547.621	421.749		3.579	0.074
Geo_n120_ds_10.txt	65273.44		65188.965	73.755		3.654	0.097
Geo_n120_ss_01.txt	101331.18		101310.402	17.539		1.919	0.079
Geo_n120_ss_02.txt	54733.78		54681.074	28.825		1.922	0.080
Geo_n120_ss_03.txt	47536.17		47510.556	23.689		1.952	0.104
Geo_n120_ss_04.txt	73321.44		73232.569	55.240		2.021	0.115
Geo_n120_ss_05.txt	112377.31		112319.606	38.573		1.841	0.033
Geo_n120_ss_06.txt	125077.47		125010.870	55.542		1.896	0.046
Geo_n120_ss_07.txt	98257.16		98180.390	54.637		1.877	0.065
Geo_n120_ss_08.txt	79792.27		79707.320	47.347		1.950	0.104
Geo_n120_ss_09.txt	87001.63		86962.311	29.751		1.906	0.061
Geo_n120_ss_10.txt	60080.75		60050.878	19.805		1.975	0.109
Geo_n240_ds_01.txt	199871.03		199188.581	514.388		7.940	0.092
Geo_n240_ds_02.txt	347351.45		346417.490	534.924		7.755	0.094
Geo_n240_ds_03.txt	216564.16		216259.419	421.729		7.893	0.227
Geo_n240_ds_04.txt	262685.40		261859.480	600.662		7.750	0.132
Geo_n240_ds_05.txt	312547.84		312081.288	516.852		7.697	0.113
Geo_n240_ds_06.txt	357222.59		356793.905	376.882		7.895	0.152
Geo_n240_ds_07.txt	340801.70		339537.950	917.098		7.880	0.290
Geo_n240_ds_08.txt	130864.78		130826.451	51.055		7.791	0.166
Geo_n240_ds_09.txt	409138.27		408701.527	416.799		7.820	0.318
Geo_n240_ds_10.txt	354233.62		353428.822	761.887		7.790	0.162
Geo_n240_ss_01.txt	188571.81		188545.395	20.043		4.094	0.167
Geo_n240_ss_02.txt	329637.65		329573.933	54.318		4.179	0.131
Geo_n240_ss_03.txt	206681.24		206628.274	33.292		4.061	0.099
Geo_n240_ss_04.txt	245892.76		245797.710	76.054		4.126	0.043
Geo_n240_ss_05.txt	298158.53		298045.088	67.963		4.289	0.282
Geo_n240_ss_06.txt	337993.59		337907.966	77.585		4.065	0.099
Geo_n240_ss_07.txt	325433.11		325343.318	64.830		4.201	0.205
Geo_n240_ss_08.txt	126778.77		126754.711	32.582		4.248	0.169
Geo_n240_ss_09.txt	390783.01		390686.147	76.784		4.148	0.186
Geo_n240_ss_10.txt	338916.98		338787.700	107.425		4.186	0.201
Geo_n480_ds_01.txt	580632.78		578888.867	1632.146		16.501	0.280
Geo_n480_ds_02.txt	1086859.41		1085578.686	725.223		16.170	0.136
Geo_n480_ds_03.txt	662385.88		659924.455	1598.203		16.358	0.204
Geo_n480_ds_04.txt	833491.05		832893.288	768.192		16.416	0.172
Geo_n480_ds_05.txt	983825.28		981827.646	1968.731		16.576	0.219
Geo_n480_ds_06.txt	1009812.42		1006928.166	1983.396		16.299	0.132
Geo_n480_ds_07.txt	861418.49		859202.974	1625.785		21.195	0.697
Geo_n480_ds_08.txt	585153.06		584027.252	1108.653		21.388	0.301
Geo_n480_ds_09.txt	665539.77		663958.583	1582.084		21.503	0.314
Geo_n480_ds_10.txt	933963.64		930681.905	2809.566		21.531	0.168
Geo_n480_ss_01.txt	551230.32		551114.353	103.143		11.235	0.385
Geo_n480_ss_02.txt	1045802.49		1045677.492	123.771		11.124	0.187
Geo_n480_ss_03.txt	632572.78		632390.510	217.287		11.525	0.536
Geo_n480_ss_04.txt	788420.95		788204.485	143.690		11.302	0.416
Geo_n480_ss_05.txt	944411.04		944093.234	249.316		11.348	0.446
Geo_n480_ss_06.txt	965131.35		965026.547	71.933		11.188	0.043
Geo_n480_ss_07.txt	826177.79		825846.788	184.778		11.743	0.244
Geo_n480_ss_08.txt	555594.23		555477.693	127.137		11.396	0.373
Geo_n480_ss_09.txt	635206.51		635104.075	53.863		11.089	0.265
Geo_n480_ss_10.txt	881820.06		881657.864	174.159		11.401	0.352
Geo_n960_ds_01.txt	3357488.56		3355010.760	1780.961		46.303	0.421
Geo_n960_ds_02.txt	1720392.63		1719077.795	1378.305		46.527	0.568
Geo_n960_ds_03.txt	3344136.65		3342039.454	2025.810		46.393	0.597
Geo_n960_ds_04.txt	3615424.50		3613639.971	1962.931		46.258	0.774
Geo_n960_ds_05.txt	2337135.97		2333135.623	4323.158		46.988	0.538
Geo_n960_ds_06.txt	3147146.12		3139219.564	5894.438		46.142	0.691
Geo_n960_ds_07.txt	1300133.70		1297451.365	2213.567		46.659	0.868
Geo_n960_ds_08.txt	1720181.52		1718330.704	1715.810		47.132	0.753
Geo_n960_ds_09.txt	1894071.55		1892082.244	1548.325		46.396	0.495
Geo_n960_ds_10.txt	2612798.60		2609386.443	3809.565		46.791	0.636
Geo_n960_ss_01.txt	3250793.82		3250351.891	361.579		24.669	0.899
Geo_n960_ss_02.txt	1661840.22		1661526.831	212.312		25.068	1.025
Geo_n960_ss_03.txt	3248054.87		3247902.940	126.728		24.493	0.826
Geo_n960_ss_04.txt	3510573.54		3510456.077	159.129		24.130	0.335
Geo_n960_ss_05.txt	2262057.84		2261822.693	248.466		24.501	0.784
Geo_n960_ss_06.txt	3066201.10		3066029.511	177.292		24.038	0.331
Geo_n960_ss_07.txt	1256620.11		1256568.346	54.363		24.125	0.346
Geo_n960_ss_08.txt	1672105.84		1671943.524	113.239		25.338	0.567
Geo_n960_ss_09.txt	1833393.72		1833118.578	290.324		24.621	0.757
Geo_n960_ss_10.txt	2525964.52		2525696.942	273.209		25.039	1.151
RanInt_n120_ds_01.txt	48355.00		48147.600	109.262		4.736	0.136
RanInt_n120_ds_02.txt	48884.00		48529.000	219.572		4.746	0.137
RanInt_n120_ds_03.txt	48468.00		47545.600	554.333		4.652	0.108
RanInt_n120_ds_04.txt	48501.00		48014.000	351.885		4.670	0.066
RanInt_n120_ds_05.txt	48112.00		47449.200	477.466		4.730	0.125
RanInt_n120_ds_06.txt	47643.00		47263.000	488.142		4.672	0.103
RanInt_n120_ds_07.txt	47487.00		47281.200	198.714		4.671	0.061
RanInt_n120_ds_08.txt	48302.00		47836.200	255.176		4.681	0.008
RanInt_n120_ds_09.txt	48587.00		47671.800	483.118		4.662	0.061
RanInt_n120_ds_10.txt	47362.00		47125.400	186.318		4.747	0.116
RanInt_n120_ss_01.txt	45770.00		45410.000	230.239		2.392	0.038
RanInt_n120_ss_02.txt	45321.00		44899.400	315.600		2.615	0.090
RanInt_n120_ss_03.txt	46081.00		45690.200	351.692		2.390	0.052
RanInt_n120_ss_04.txt	45517.00		44967.600	366.402		2.491	0.052
RanInt_n120_ss_05.txt	45505.00		44866.200	460.916		2.470	0.051
RanInt_n120_ss_06.txt	44304.00		44139.200	122.777		2.465	0.050
RanInt_n120_ss_07.txt	45104.00		44851.600	155.317		2.466	0.091
RanInt_n120_ss_08.txt	45094.00		44719.400	300.511		2.542	0.048
RanInt_n120_ss_09.txt	45515.00		45156.200	251.834		2.455	0.108
RanInt_n120_ss_10.txt	45493.00		45128.600	284.517		2.476	0.075
RanInt_n240_ds_01.txt	152605.00		151701.200	825.138		10.320	0.264
RanInt_n240_ds_02.txt	152620.00		152223.600	337.527		10.106	0.240
RanInt_n240_ds_03.txt	151710.00		150865.800	878.784		10.175	0.178
RanInt_n240_ds_04.txt	154553.00		153799.600	583.029		10.100	0.152
RanInt_n240_ds_05.txt	153380.00		152740.400	560.303		10.128	0.130
RanInt_n240_ds_06.txt	153395.00		152298.600	1222.726		10.311	0.231
RanInt_n240_ds_07.txt	152160.00		150754.800	1020.241		10.020	0.094
RanInt_n240_ds_08.txt	150137.00		149428.400	562.293		10.227	0.157
RanInt_n240_ds_09.txt	151880.00		151362.400	345.254		10.204	0.147
RanInt_n240_ds_10.txt	151340.00		150441.600	717.176		10.233	0.102
RanInt_n240_ss_01.txt	148712.00		146925.000	929.138		5.314	0.088
RanInt_n240_ss_02.txt	147594.00		146740.200	706.899		5.398	0.145
RanInt_n240_ss_03.txt	148003.00		146857.000	821.202		5.427	0.117
RanInt_n240_ss_04.txt	148600.00		146777.000	1429.596		5.566	0.350
RanInt_n240_ss_05.txt	149166.00		148242.400	566.441		5.281	0.093
RanInt_n240_ss_06.txt	147500.00		146604.600	959.778		5.363	0.161
RanInt_n240_ss_07.txt	147614.00		146918.600	727.183		5.283	0.188
RanInt_n240_ss_08.txt	147990.00		146802.400	948.379		5.350	0.165
RanInt_n240_ss_09.txt	147882.00		146688.200	761.635		5.329	0.198
RanInt_n240_ss_10.txt	147171.00		146934.600	181.514		5.499	0.283
RanInt_n480_ds_01.txt	366271.00		362777.000	2508.582		21.450	0.204
RanInt_n480_ds_02.txt	363623.00		361862.600	1226.021		21.492	0.189
RanInt_n480_ds_03.txt	366469.00		363241.400	2255.543		21.231	0.379
RanInt_n480_ds_04.txt	368299.00		365819.600	2285.437		21.159	0.332
RanInt_n480_ds_05.txt	365558.00		362129.600	2188.949		21.302	0.229
RanInt_n480_ds_06.txt	366654.00		363701.600	2524.378		21.269	0.260
RanInt_n480_ds_07.txt	364615.00		361595.400	3898.363		21.567	0.568
RanInt_n480_ds_08.txt	366821.00		365049.000	1323.653		21.261	0.401
RanInt_n480_ds_09.txt	364134.00		361913.200	2115.880		21.232	0.331
RanInt_n480_ds_10.txt	371714.00		369145.600	2192.413		21.309	0.208
RanInt_n480_ss_01.txt	356708.00		351935.800	3448.524		11.665	0.689
RanInt_n480_ss_02.txt	355182.00		353795.000	1773.270		11.264	0.455
RanInt_n480_ss_03.txt	354861.00		352448.200	1693.476		11.181	0.288
RanInt_n480_ss_04.txt	354873.00		352293.400	2587.284		11.102	0.259
RanInt_n480_ss_05.txt	353995.00		352988.600	838.836		11.602	0.365
RanInt_n480_ss_06.txt	355868.00		352184.800	2611.073		11.387	0.355
RanInt_n480_ss_07.txt	355168.00		351836.800	2995.058		11.226	0.478
RanInt_n480_ss_08.txt	355150.00		352701.200	1733.600		11.207	0.258
RanInt_n480_ss_09.txt	353592.00		352067.800	1231.258		11.208	0.185
RanInt_n480_ss_10.txt	354324.00		352908.600	1302.715		11.364	0.102
RanInt_n960_ds_01.txt	1171927.00		1164652.400	4190.730		46.173	0.568
RanInt_n960_ds_02.txt	1170872.00		1167324.200	1874.458		45.701	0.116
RanInt_n960_ds_03.txt	1173051.00		1166529.200	4232.700		46.075	0.571
RanInt_n960_ds_04.txt	1173039.00		1166533.800	5775.973		45.925	0.588
RanInt_n960_ds_05.txt	1170065.00		1157831.600	8411.880		46.968	1.151
RanInt_n960_ds_06.txt	1168832.00		1159010.200	7797.245		46.943	0.985
RanInt_n960_ds_07.txt	1169321.00		1165612.600	2069.839		45.790	0.258
RanInt_n960_ds_08.txt	1168793.00		1159245.600	5100.576		46.333	0.608
RanInt_n960_ds_09.txt	1168389.00		1161465.800	5898.929		46.453	0.348
RanInt_n960_ds_10.txt	1171852.00		1164754.000	5632.055		46.415	0.458
RanInt_n960_ss_01.txt	1144808.00		1140097.000	2838.221		24.678	0.653
RanInt_n960_ss_02.txt	1146846.00		1141797.400	3828.156		24.300	0.700
RanInt_n960_ss_03.txt	1147767.00		1142657.600	4115.628		24.686	0.589
RanInt_n960_ss_04.txt	1146682.00		1143271.000	3932.620		24.373	0.506
RanInt_n960_ss_05.txt	1147640.00		1143823.800	2939.743		24.227	0.401
RanInt_n960_ss_06.txt	1148880.00		1143504.200	5146.776		24.400	0.812
RanInt_n960_ss_07.txt	1148145.00		1137471.800	7807.429		25.010	0.698
RanInt_n960_ss_08.txt	1146706.00		1137811.400	7367.490		24.580	0.654
RanInt_n960_ss_09.txt	1149113.00		1141812.200	4837.975		24.310	0.595
RanInt_n960_ss_10.txt	1146046.00		1142244.200	4619.075		24.469	0.432
RanReal_n120_ds_01.txt	48084.60		47720.860	359.385		4.708	0.162
RanReal_n120_ds_02.txt	48437.97		48025.853	248.345		4.636	0.089
RanReal_n120_ds_03.txt	47590.92		47186.873	322.467		4.759	0.157
RanReal_n120_ds_04.txt	47880.57		47526.490	245.537		4.671	0.199
RanReal_n120_ds_05.txt	47311.19		46948.017	328.776		4.653	0.081
RanReal_n120_ds_06.txt	48304.97		47763.919	413.424		4.594	0.058
RanReal_n120_ds_07.txt	48237.38		47459.693	655.447		4.673	0.194
RanReal_n120_ds_08.txt	47616.26		47411.697	126.467		4.733	0.106
RanReal_n120_ds_09.txt	48197.53		47935.752	240.786		4.608	0.091
RanReal_n120_ds_10.txt	47570.92		46871.449	420.810		4.663	0.109
RanReal_n120_ss_01.txt	45396.07		44950.289	310.200		2.510	0.058
RanReal_n120_ss_02.txt	45197.04		44659.653	390.720		2.570	0.144
RanReal_n120_ss_03.txt	45280.76		44774.400	595.672		2.527	0.144
RanReal_n120_ss_04.txt	45436.00		44880.435	412.816		2.416	0.046
RanReal_n120_ss_05.txt	44659.26		44193.951	494.628		2.474	0.105
RanReal_n120_ss_06.txt	45023.78		44757.320	178.576		2.404	0.035
RanReal_n120_ss_07.txt	44899.91		44504.594	351.468		2.413	0.089
RanReal_n120_ss_08.txt	45324.43		44981.410	226.486		2.379	0.043
RanReal_n120_ss_09.txt	45811.62		44940.352	671.205		2.529	0.165
RanReal_n120_ss_10.txt	45265.77		44533.930	430.206		2.515	0.119
RanReal_n240_ds_01.txt	152423.15		151183.644	1061.708		10.103	0.212
RanReal_n240_ds_02.txt	153221.92		151971.261	980.080		10.206	0.244
RanReal_n240_ds_03.txt	152231.86		151609.648	637.322		10.073	0.330
RanReal_n240_ds_04.txt	153966.75		153106.719	671.075		10.057	0.253
RanReal_n240_ds_05.txt	151313.62		150037.206	987.010		10.257	0.339
RanReal_n240_ds_06.txt	154566.09		153050.641	902.795		10.107	0.146
RanReal_n240_ds_07.txt	152662.73		151180.466	824.221		10.044	0.121
RanReal_n240_ds_08.txt	152029.29		150138.353	1360.641		10.136	0.173
RanReal_n240_ds_09.txt	152264.51		151059.220	1222.528		10.062	0.207
RanReal_n240_ds_10.txt	151825.49		150273.878	1245.814		10.061	0.174
RanReal_n240_ss_01.txt	146745.06		146054.127	564.253		5.447	0.180
RanReal_n240_ss_02.txt	147277.25		146592.202	619.387		5.345	0.169
RanReal_n240_ss_03.txt	147942.14		147101.451	620.852		5.337	0.199
RanReal_n240_ss_04.txt	147410.66		146745.563	546.848		5.440	0.142
RanReal_n240_ss_05.txt	146299.80		145436.218	932.273		5.372	0.287
RanReal_n240_ss_06.txt	148557.20		147041.870	833.261		5.468	0.278
RanReal_n240_ss_07.txt	148427.62		146948.974	862.715		5.281	0.174
RanReal_n240_ss_08.txt	147335.80		146106.421	1321.752		5.552	0.366
RanReal_n240_ss_09.txt	146367.20		146185.034	179.989		5.506	0.205
RanReal_n240_ss_10.txt	146673.06		145758.494	737.792		5.642	0.353
RanReal_n480_ds_01.txt	361782.61		359414.494	1600.809		21.426	0.144
RanReal_n480_ds_02.txt	362242.89		360706.179	1128.324		21.350	0.206
RanReal_n480_ds_03.txt	365367.76		363610.396	1933.133		21.413	0.318
RanReal_n480_ds_04.txt	366893.76		365177.202	1446.127		21.200	0.208
RanReal_n480_ds_05.txt	364209.18		361896.708	1592.040		21.278	0.225
RanReal_n480_ds_06.txt	365312.54		363337.140	1555.281		21.392	0.214
RanReal_n480_ds_07.txt	363929.08		362623.807	1233.500		21.181	0.252
RanReal_n480_ds_08.txt	368123.36		364233.335	2341.963		21.396	0.452
RanReal_n480_ds_09.txt	365164.91		360152.546	4019.121		21.470	0.576
RanReal_n480_ds_10.txt	369429.92		366158.953	2483.914		21.479	0.293
RanReal_n480_ss_01.txt	353801.20		351116.655	2608.147		11.205	0.354
RanReal_n480_ss_02.txt	353656.70		351674.357	2165.443		11.330	0.234
RanReal_n480_ss_03.txt	353695.51		350587.222	1871.280		11.396	0.309
RanReal_n480_ss_04.txt	352216.34		349330.148	2587.161		11.413	0.344
RanReal_n480_ss_05.txt	353359.20		351093.852	2190.023		11.408	0.223
RanReal_n480_ss_06.txt	354360.38		351569.799	2315.475		11.330	0.351
RanReal_n480_ss_07.txt	355031.83		354155.614	835.291		11.220	0.192
RanReal_n480_ss_08.txt	354231.10		351899.631	1961.948		11.265	0.282
RanReal_n480_ss_09.txt	354064.16		352026.159	2174.383		11.125	0.374
RanReal_n480_ss_10.txt	355231.27		352765.405	2160.658		11.157	0.155
RanReal_n960_ds_01.txt	1165742.77		1161009.271	2977.726		46.762	0.823
RanReal_n960_ds_02.txt	1172375.67		1164081.645	6466.149		47.050	0.890
RanReal_n960_ds_03.txt	1166427.33		1159625.519	6543.322		42.097	4.818
RanReal_n960_ds_04.txt	1170830.98		1168294.931	2084.782		36.690	0.650
RanReal_n960_ds_05.txt	1169161.31		1160325.308	5007.754		36.998	0.784
RanReal_n960_ds_06.txt	1164755.68		1159802.947	3326.989		37.667	0.614
RanReal_n960_ds_07.txt	1169283.83		1159730.244	6727.121		38.722	1.036
RanReal_n960_ds_08.txt	1164792.21		1159209.379	4432.305		36.687	1.542
RanReal_n960_ds_09.txt	1164842.51		1159973.602	4508.276		36.355	0.802
RanReal_n960_ds_10.txt	1170208.23		1167358.173	3545.271		35.660	0.328
RanReal_n960_ss_01.txt	1145099.40		1141698.231	3535.573		19.350	0.626
RanReal_n960_ss_02.txt	1148953.54		1139567.314	7947.900		19.330	0.947
RanReal_n960_ss_03.txt	1147466.50		1143203.004	4139.746		19.314	0.501
RanReal_n960_ss_04.txt	1145464.17		1142303.698	3230.537		19.492	0.288
RanReal_n960_ss_05.txt	1144147.48		1136353.304	5613.735		19.627	0.368
RanReal_n960_ss_06.txt	1143451.98		1140914.293	2404.789		19.432	0.358
RanReal_n960_ss_07.txt	1144590.92		1136317.824	6410.302		20.542	0.405
RanReal_n960_ss_08.txt	1143665.81		1138149.455	3684.931		20.293	1.080
RanReal_n960_ss_09.txt	1146630.81		1144200.934	2502.181		19.880	0.332
RanReal_n960_ss_10.txt	1147630.01		1143173.657	4604.157		20.015	0.557
