Instância	melhor custo	média custo		std custo	média tempo		std tempo


############################Aleatório############################

Geo_n120_ds_01.txt	111381.99		110863.072	428.538		14.120	0.168
Geo_n120_ds_02.txt	61755.44		61526.501	238.218		14.210	0.166
Geo_n120_ds_03.txt	51937.68		51616.876	230.738		13.995	0.195
Geo_n120_ds_04.txt	80477.53		80420.837	47.160		14.154	0.111
Geo_n120_ds_05.txt	121239.13		120863.148	658.495		13.931	0.087
Geo_n120_ds_06.txt	136344.18		135983.368	272.158		14.455	0.108
Geo_n120_ds_07.txt	108072.92		107675.020	409.339		14.272	0.121
Geo_n120_ds_08.txt	87832.72		87795.793	30.003		14.359	0.206
Geo_n120_ds_09.txt	95072.40		94533.621	428.682		14.143	0.115
Geo_n120_ds_10.txt	65304.51		65117.799	123.046		14.123	0.136
Geo_n120_ss_01.txt	101359.93		101323.482	34.197		7.480	0.143
Geo_n120_ss_02.txt	54712.28		54698.711	11.938		7.337	0.136
Geo_n120_ss_03.txt	47553.37		47518.790	20.024		7.478	0.176
Geo_n120_ss_04.txt	73316.86		73292.628	18.214		7.221	0.116
Geo_n120_ss_05.txt	112389.43		112366.155	16.644		7.304	0.077
Geo_n120_ss_06.txt	125120.93		125031.935	69.980		7.391	0.199
Geo_n120_ss_07.txt	98224.17		98191.384	25.311		7.339	0.146
Geo_n120_ss_08.txt	79745.68		79702.980	34.394		7.232	0.089
Geo_n120_ss_09.txt	87031.46		87009.408	25.185		7.256	0.068
Geo_n120_ss_10.txt	60097.29		60065.115	24.292		7.357	0.096
Geo_n240_ds_01.txt	199782.61		199287.367	497.980		31.035	0.453
Geo_n240_ds_02.txt	347263.27		345757.232	1060.878		30.964	0.351
Geo_n240_ds_03.txt	216575.87		215992.181	980.396		31.132	0.199
Geo_n240_ds_04.txt	262187.23		261600.765	481.610		30.877	0.188
Geo_n240_ds_05.txt	312163.17		311823.898	434.382		30.706	0.236
Geo_n240_ds_06.txt	357491.78		357132.161	383.779		30.524	0.411
Geo_n240_ds_07.txt	340272.76		339209.315	890.099		30.339	0.265
Geo_n240_ds_08.txt	130905.27		130841.257	63.226		30.645	0.269
Geo_n240_ds_09.txt	409337.70		408380.533	1098.750		30.436	0.241
Geo_n240_ds_10.txt	354097.72		353355.219	719.671		30.568	0.319
Geo_n240_ss_01.txt	188574.60		188535.202	25.390		16.011	0.308
Geo_n240_ss_02.txt	329785.76		329703.767	48.195		15.736	0.138
Geo_n240_ss_03.txt	206744.05		206667.530	44.786		15.929	0.191
Geo_n240_ss_04.txt	245931.06		245881.001	35.004		15.703	0.096
Geo_n240_ss_05.txt	298220.46		298194.088	21.709		15.867	0.191
Geo_n240_ss_06.txt	338094.24		337958.158	81.110		15.781	0.251
Geo_n240_ss_07.txt	325473.13		325384.909	71.784		16.211	0.289
Geo_n240_ss_08.txt	126820.62		126799.593	13.881		15.983	0.283
Geo_n240_ss_09.txt	390777.62		390742.566	28.734		15.894	0.231
Geo_n240_ss_10.txt	338901.86		338818.940	63.907		16.010	0.291
Geo_n480_ds_01.txt	578631.24		577715.365	932.412		65.450	0.315
Geo_n480_ds_02.txt	1085968.89		1085324.600	705.827		65.221	0.670
Geo_n480_ds_03.txt	660836.73		658820.867	1351.718		64.871	0.456
Geo_n480_ds_04.txt	833974.84		832261.903	1269.905		65.100	0.289
Geo_n480_ds_05.txt	985353.65		981671.309	2436.382		64.505	0.335
Geo_n480_ds_06.txt	1008829.20		1007410.773	1088.125		65.352	0.857
Geo_n480_ds_07.txt	861433.55		859089.564	1606.265		64.616	0.682
Geo_n480_ds_08.txt	584494.49		583196.679	1121.349		64.975	0.333
Geo_n480_ds_09.txt	665467.55		664629.057	424.067		65.018	0.381
Geo_n480_ds_10.txt	932866.57		930997.250	976.048		65.221	0.395
Geo_n480_ss_01.txt	551313.22		551191.783	78.880		33.906	0.266
Geo_n480_ss_02.txt	1045820.15		1045705.648	125.209		33.553	0.356
Geo_n480_ss_03.txt	632615.18		632565.410	46.652		34.131	0.511
Geo_n480_ss_04.txt	788410.58		788303.570	59.692		34.227	0.670
Geo_n480_ss_05.txt	944474.71		944264.992	106.053		34.188	0.317
Geo_n480_ss_06.txt	965088.61		965015.602	53.301		34.097	0.718
Geo_n480_ss_07.txt	826287.63		826156.046	101.006		33.775	0.414
Geo_n480_ss_08.txt	555709.93		555648.712	50.171		33.374	0.239
Geo_n480_ss_09.txt	635211.15		635139.823	106.393		33.908	0.563
Geo_n480_ss_10.txt	881954.44		881776.004	95.402		34.108	0.224
Geo_n960_ds_01.txt	3355105.23		3348277.310	4683.868		141.645	1.045
Geo_n960_ds_02.txt	1716443.66		1714850.084	1482.918		141.635	0.392
Geo_n960_ds_03.txt	3340107.02		3336237.653	2978.955		121.885	15.149
Geo_n960_ds_04.txt	3613944.27		3611273.547	1570.189		110.635	0.592
Geo_n960_ds_05.txt	2333644.20		2330640.178	2257.089		109.250	0.968
Geo_n960_ds_06.txt	3145377.21		3140130.774	4147.814		109.543	0.814
Geo_n960_ds_07.txt	1296184.78		1294836.076	932.375		109.736	0.528
Geo_n960_ds_08.txt	1720607.42		1719309.309	806.346		109.481	0.710
Geo_n960_ds_09.txt	1894776.01		1890716.874	2170.215		109.469	0.923
Geo_n960_ds_10.txt	2611521.56		2609548.260	1826.483		109.143	0.572
Geo_n960_ss_01.txt	3250751.78		3250459.142	261.392		57.802	0.792
Geo_n960_ss_02.txt	1661973.36		1661830.434	144.822		57.096	0.595
Geo_n960_ss_03.txt	3248133.10		3247782.231	322.181		57.614	1.138
Geo_n960_ss_04.txt	3510971.53		3510665.726	226.144		58.562	0.890
Geo_n960_ss_05.txt	2262419.41		2262073.303	271.420		59.025	1.102
Geo_n960_ss_06.txt	3066319.33		3066015.018	272.565		59.375	0.457
Geo_n960_ss_07.txt	1256794.25		1256722.024	73.123		57.341	0.738
Geo_n960_ss_08.txt	1672099.37		1671989.550	116.426		58.289	0.657
Geo_n960_ss_09.txt	1833589.08		1833375.051	158.200		57.811	0.589
Geo_n960_ss_10.txt	2526127.01		2525739.549	222.957		59.262	1.176
RanInt_n120_ds_01.txt	48484.00		48192.400	382.626		10.774	0.137
RanInt_n120_ds_02.txt	48744.00		48574.400	117.091		10.949	0.161
RanInt_n120_ds_03.txt	47825.00		47310.400	306.192		11.003	0.138
RanInt_n120_ds_04.txt	48119.00		47602.200	287.736		11.059	0.102
RanInt_n120_ds_05.txt	47083.00		46887.800	190.321		10.967	0.139
RanInt_n120_ds_06.txt	47974.00		47305.800	380.508		10.938	0.056
RanInt_n120_ds_07.txt	47853.00		47456.200	257.205		10.863	0.116
RanInt_n120_ds_08.txt	47930.00		47696.200	169.102		10.830	0.089
RanInt_n120_ds_09.txt	47702.00		47372.600	292.440		10.890	0.086
RanInt_n120_ds_10.txt	47889.00		47535.200	384.796		10.915	0.130
RanInt_n120_ss_01.txt	45670.00		45291.200	281.919		5.909	0.242
RanInt_n120_ss_02.txt	46170.00		45575.200	453.090		6.016	0.176
RanInt_n120_ss_03.txt	45551.00		45270.000	246.639		5.708	0.108
RanInt_n120_ss_04.txt	45289.00		45049.000	215.589		5.852	0.198
RanInt_n120_ss_05.txt	45145.00		44723.400	263.048		5.754	0.300
RanInt_n120_ss_06.txt	44691.00		44416.000	228.947		5.696	0.102
RanInt_n120_ss_07.txt	45396.00		45092.400	207.695		5.574	0.067
RanInt_n120_ss_08.txt	45481.00		45208.200	284.188		5.834	0.188
RanInt_n120_ss_09.txt	45162.00		44867.200	265.960		6.021	0.119
RanInt_n120_ss_10.txt	45918.00		45470.200	368.850		5.805	0.086
RanInt_n240_ds_01.txt	153378.00		151869.400	790.880		23.486	0.209
RanInt_n240_ds_02.txt	151900.00		150939.600	524.976		24.176	0.386
RanInt_n240_ds_03.txt	152587.00		151975.200	522.294		23.349	0.165
RanInt_n240_ds_04.txt	153436.00		153045.800	522.398		23.693	0.220
RanInt_n240_ds_05.txt	153760.00		152135.200	913.653		23.165	0.222
RanInt_n240_ds_06.txt	154121.00		153100.200	873.682		23.277	0.158
RanInt_n240_ds_07.txt	152672.00		152105.000	810.268		23.281	0.216
RanInt_n240_ds_08.txt	150643.00		149863.600	631.774		23.577	0.278
RanInt_n240_ds_09.txt	152484.00		152068.800	295.990		23.436	0.260
RanInt_n240_ds_10.txt	152407.00		151342.400	604.880		23.505	0.226
RanInt_n240_ss_01.txt	147596.00		147007.600	543.018		12.250	0.344
RanInt_n240_ss_02.txt	147690.00		146801.400	1011.104		12.443	0.136
RanInt_n240_ss_03.txt	148498.00		147347.600	835.101		12.264	0.294
RanInt_n240_ss_04.txt	148252.00		147700.600	585.436		12.197	0.244
RanInt_n240_ss_05.txt	148562.00		147667.200	1084.923		12.362	0.263
RanInt_n240_ss_06.txt	147846.00		147000.200	646.523		12.295	0.170
RanInt_n240_ss_07.txt	147168.00		146305.000	789.241		12.478	0.213
RanInt_n240_ss_08.txt	147362.00		146404.200	677.159		12.179	0.194
RanInt_n240_ss_09.txt	148499.00		147253.000	1005.795		12.247	0.238
RanInt_n240_ss_10.txt	147588.00		146737.200	503.688		12.386	0.205
RanInt_n480_ds_01.txt	367829.00		364840.200	1730.625		49.873	0.486
RanInt_n480_ds_02.txt	366047.00		363432.600	2153.659		50.167	0.371
RanInt_n480_ds_03.txt	365594.00		363431.000	2396.346		50.166	0.251
RanInt_n480_ds_04.txt	368387.00		365350.200	3181.572		50.403	0.792
RanInt_n480_ds_05.txt	366765.00		365048.000	889.879		49.925	0.327
RanInt_n480_ds_06.txt	365637.00		362315.600	2258.864		50.515	0.274
RanInt_n480_ds_07.txt	366828.00		364138.200	2140.611		50.132	0.307
RanInt_n480_ds_08.txt	367495.00		365102.600	2352.415		49.978	0.288
RanInt_n480_ds_09.txt	365138.00		363456.400	2124.125		50.020	0.178
RanInt_n480_ds_10.txt	368939.00		366263.600	1546.122		49.916	0.172
RanInt_n480_ss_01.txt	356184.00		354821.800	1032.677		25.919	0.175
RanInt_n480_ss_02.txt	357823.00		355935.000	1479.951		25.989	0.145
RanInt_n480_ss_03.txt	356383.00		354584.400	1815.268		25.836	0.253
RanInt_n480_ss_04.txt	356187.00		354559.800	1397.997		26.070	0.183
RanInt_n480_ss_05.txt	356236.00		353771.000	1603.599		26.519	0.245
RanInt_n480_ss_06.txt	357850.00		354372.000	3657.434		26.504	0.419
RanInt_n480_ss_07.txt	354522.00		353385.000	1086.704		26.081	0.316
RanInt_n480_ss_08.txt	355850.00		353113.000	2654.724		26.417	0.496
RanInt_n480_ss_09.txt	354477.00		352765.600	1195.355		26.321	0.541
RanInt_n480_ss_10.txt	355612.00		354439.600	863.258		26.667	0.114
RanInt_n960_ds_01.txt	1172841.00		1167932.200	5128.814		109.221	0.953
RanInt_n960_ds_02.txt	1172378.00		1164693.400	5191.970		109.821	0.540
RanInt_n960_ds_03.txt	1170515.00		1165603.200	3332.919		109.933	0.708
RanInt_n960_ds_04.txt	1173061.00		1167317.800	5831.195		109.993	0.865
RanInt_n960_ds_05.txt	1167954.00		1161904.200	3899.394		109.695	0.855
RanInt_n960_ds_06.txt	1171335.00		1163155.600	5362.343		110.030	0.812
RanInt_n960_ds_07.txt	1170724.00		1167168.800	2585.282		109.917	0.385
RanInt_n960_ds_08.txt	1169678.00		1166418.800	2276.561		109.706	0.330
RanInt_n960_ds_09.txt	1166342.00		1159965.400	3485.150		110.542	1.407
RanInt_n960_ds_10.txt	1173748.00		1168325.200	4942.939		109.278	0.755
RanInt_n960_ss_01.txt	1150058.00		1141753.000	9201.688		57.908	0.993
RanInt_n960_ss_02.txt	1151650.00		1148317.200	2800.774		57.381	0.389
RanInt_n960_ss_03.txt	1152271.00		1139886.600	7193.041		58.190	0.586
RanInt_n960_ss_04.txt	1149402.00		1144658.800	4318.982		58.110	0.746
RanInt_n960_ss_05.txt	1150389.00		1146908.200	4303.379		57.659	0.630
RanInt_n960_ss_06.txt	1150591.00		1142164.000	4392.420		58.044	1.010
RanInt_n960_ss_07.txt	1150383.00		1146083.400	3281.475		57.772	0.359
RanInt_n960_ss_08.txt	1150105.00		1147008.400	2153.808		57.261	0.656
RanInt_n960_ss_09.txt	1150351.00		1139585.400	5853.987		58.620	0.409
RanInt_n960_ss_10.txt	1149615.00		1142845.800	5154.508		58.036	0.510
RanReal_n120_ds_01.txt	47951.74		47779.004	150.388		10.870	0.094
RanReal_n120_ds_02.txt	48171.32		47903.298	159.890		10.955	0.066
RanReal_n120_ds_03.txt	48088.57		47383.255	423.199		10.885	0.116
RanReal_n120_ds_04.txt	47884.13		47545.191	222.410		10.935	0.140
RanReal_n120_ds_05.txt	47182.89		46911.775	370.176		10.933	0.141
RanReal_n120_ds_06.txt	48130.90		47613.575	448.295		10.912	0.088
RanReal_n120_ds_07.txt	47765.26		47492.504	213.830		10.810	0.080
RanReal_n120_ds_08.txt	48105.44		47696.150	293.943		10.950	0.070
RanReal_n120_ds_09.txt	48174.83		47725.439	303.894		11.038	0.092
RanReal_n120_ds_10.txt	47846.64		47229.461	412.213		10.991	0.131
RanReal_n120_ss_01.txt	45534.74		45129.453	400.386		5.787	0.176
RanReal_n120_ss_02.txt	45096.19		44862.961	225.827		5.712	0.130
RanReal_n120_ss_03.txt	45028.45		44771.044	256.274		5.744	0.096
RanReal_n120_ss_04.txt	45642.24		45160.763	255.903		5.721	0.084
RanReal_n120_ss_05.txt	44832.95		44399.486	360.557		5.825	0.243
RanReal_n120_ss_06.txt	45364.05		44992.593	372.305		5.749	0.168
RanReal_n120_ss_07.txt	45233.29		44599.087	452.939		5.903	0.116
RanReal_n120_ss_08.txt	45480.03		44911.026	318.490		5.637	0.095
RanReal_n120_ss_09.txt	45577.97		45163.008	272.936		5.730	0.120
RanReal_n120_ss_10.txt	45431.83		44883.714	307.274		5.653	0.046
RanReal_n240_ds_01.txt	152301.52		151552.710	423.760		23.740	0.263
RanReal_n240_ds_02.txt	152828.55		152510.290	244.290		23.404	0.254
RanReal_n240_ds_03.txt	151903.28		151280.583	468.285		23.395	0.350
RanReal_n240_ds_04.txt	153490.13		152061.478	1013.780		23.684	0.101
RanReal_n240_ds_05.txt	152116.15		150632.153	1304.531		23.648	0.142
RanReal_n240_ds_06.txt	153982.56		152504.396	1225.220		23.683	0.256
RanReal_n240_ds_07.txt	152178.46		151592.695	488.315		23.652	0.122
RanReal_n240_ds_08.txt	151549.92		150310.627	1193.847		23.720	0.318
RanReal_n240_ds_09.txt	151619.75		150840.977	533.164		23.639	0.281
RanReal_n240_ds_10.txt	150696.65		150093.486	497.923		23.716	0.234
RanReal_n240_ss_01.txt	147840.92		146130.117	885.997		12.133	0.181
RanReal_n240_ss_02.txt	147112.05		146622.348	521.782		12.437	0.266
RanReal_n240_ss_03.txt	147925.44		147259.772	727.415		12.573	0.119
RanReal_n240_ss_04.txt	147602.04		146910.730	664.098		12.531	0.179
RanReal_n240_ss_05.txt	146904.73		146203.558	806.894		12.136	0.261
RanReal_n240_ss_06.txt	148867.81		147284.221	877.460		12.290	0.316
RanReal_n240_ss_07.txt	148112.68		147429.954	650.951		12.275	0.162
RanReal_n240_ss_08.txt	147650.84		146845.320	447.225		12.353	0.140
RanReal_n240_ss_09.txt	148142.47		147115.175	766.489		12.285	0.258
RanReal_n240_ss_10.txt	147302.60		146052.627	703.544		12.492	0.323
RanReal_n480_ds_01.txt	363892.63		361510.474	1550.108		49.986	0.380
RanReal_n480_ds_02.txt	364419.80		362369.155	2297.054		49.751	0.425
RanReal_n480_ds_03.txt	365700.24		363452.468	1212.662		52.486	3.692
RanReal_n480_ds_04.txt	367915.46		364488.184	1888.967		50.277	0.454
RanReal_n480_ds_05.txt	363674.41		360425.680	1930.418		49.874	0.352
RanReal_n480_ds_06.txt	364293.68		362304.982	1164.681		49.888	0.259
RanReal_n480_ds_07.txt	364380.14		361845.059	2734.094		49.800	0.554
RanReal_n480_ds_08.txt	366247.14		364729.735	1236.360		49.510	0.217
RanReal_n480_ds_09.txt	363914.71		362636.428	1784.871		49.631	0.609
RanReal_n480_ds_10.txt	367859.64		366927.736	822.957		50.035	0.328
RanReal_n480_ss_01.txt	353870.04		351554.963	1874.102		26.237	0.581
RanReal_n480_ss_02.txt	355258.19		354189.559	1035.911		26.319	0.405
RanReal_n480_ss_03.txt	355555.76		353239.670	1471.731		26.826	0.488
RanReal_n480_ss_04.txt	354205.33		351257.446	2557.596		26.317	0.422
RanReal_n480_ss_05.txt	355114.54		353713.814	1308.733		25.651	0.155
RanReal_n480_ss_06.txt	356095.92		353334.453	2093.695		26.227	0.235
RanReal_n480_ss_07.txt	355095.79		353860.410	892.551		25.974	0.367
RanReal_n480_ss_08.txt	353546.87		352395.857	1261.744		26.550	0.440
RanReal_n480_ss_09.txt	354931.01		352857.124	1765.458		26.224	0.324
RanReal_n480_ss_10.txt	354782.87		352533.506	2265.168		26.569	0.193
RanReal_n960_ds_01.txt	1169830.98		1165003.344	5846.065		109.009	0.860
RanReal_n960_ds_02.txt	1170367.53		1163799.830	3813.203		109.608	0.259
RanReal_n960_ds_03.txt	1168282.27		1162132.219	5037.166		109.953	0.708
RanReal_n960_ds_04.txt	1172139.81		1162855.381	7437.843		109.266	0.975
RanReal_n960_ds_05.txt	1167547.92		1163600.711	5014.462		108.768	0.662
RanReal_n960_ds_06.txt	1164175.17		1159495.930	3250.754		109.600	0.608
RanReal_n960_ds_07.txt	1161548.46		1159670.340	2489.569		110.244	0.304
RanReal_n960_ds_08.txt	1165992.63		1161077.247	6732.248		109.599	0.680
RanReal_n960_ds_09.txt	1169761.83		1168060.043	1602.789		109.502	0.387
RanReal_n960_ds_10.txt	1173382.52		1164853.049	6761.428		109.728	0.997
RanReal_n960_ss_01.txt	1145655.27		1142542.065	3532.103		57.185	1.376
RanReal_n960_ss_02.txt	1147687.84		1142105.604	6611.558		58.058	0.581
RanReal_n960_ss_03.txt	1148977.10		1142326.804	4485.965		57.134	0.780
RanReal_n960_ss_04.txt	1148820.70		1145569.416	3906.295		56.749	0.556
RanReal_n960_ss_05.txt	1146731.01		1138594.182	5231.433		57.607	0.849
RanReal_n960_ss_06.txt	1143887.20		1138894.963	5844.379		57.863	0.724
RanReal_n960_ss_07.txt	1145196.09		1143081.135	1562.701		57.555	0.094
RanReal_n960_ss_08.txt	1146611.75		1142141.177	3032.929		58.230	1.400
RanReal_n960_ss_09.txt	1149237.88		1145693.278	2965.722		56.794	0.491
RanReal_n960_ss_10.txt	1151602.74		1146840.841	3674.192		57.279	0.724


############################GRASP############################

Geo_n120_ds_01.txt	111454.23		110526.987	504.192		10.809	0.091
Geo_n120_ds_02.txt	61736.99		61443.472	240.868		10.952	0.064
Geo_n120_ds_03.txt	51968.92		51662.849	290.798		10.911	0.057
Geo_n120_ds_04.txt	80453.85		80215.665	205.704		10.918	0.117
Geo_n120_ds_05.txt	121172.88		120816.483	592.505		10.700	0.091
Geo_n120_ds_06.txt	136273.89		136028.581	228.158		11.121	0.128
Geo_n120_ds_07.txt	108031.47		107579.828	530.960		10.896	0.050
Geo_n120_ds_08.txt	87852.41		87796.186	58.776		10.885	0.060
Geo_n120_ds_09.txt	94536.93		94274.740	275.827		11.009	0.145
Geo_n120_ds_10.txt	65280.30		65157.365	128.051		10.990	0.106
Geo_n120_ss_01.txt	101333.18		101313.359	16.652		5.805	0.147
Geo_n120_ss_02.txt	54723.54		54708.822	13.275		5.765	0.100
Geo_n120_ss_03.txt	47556.52		47536.150	15.240		5.792	0.101
Geo_n120_ss_04.txt	73328.88		73282.520	26.673		5.731	0.050
Geo_n120_ss_05.txt	112435.05		112337.253	66.596		5.749	0.092
Geo_n120_ss_06.txt	125129.82		125057.170	46.390		5.788	0.082
Geo_n120_ss_07.txt	98244.25		98198.062	29.950		5.811	0.161
Geo_n120_ss_08.txt	79769.26		79718.760	25.842		5.758	0.040
Geo_n120_ss_09.txt	87085.41		87001.045	43.607		5.753	0.087
Geo_n120_ss_10.txt	60111.35		60088.321	24.394		5.723	0.075
Geo_n240_ds_01.txt	199848.18		199389.049	367.379		23.685	0.182
Geo_n240_ds_02.txt	347462.08		346549.797	586.074		23.676	0.176
Geo_n240_ds_03.txt	216571.27		215621.905	1098.806		23.366	0.258
Geo_n240_ds_04.txt	262211.42		261852.866	389.482		23.644	0.086
Geo_n240_ds_05.txt	312141.11		311388.081	381.709		23.363	0.305
Geo_n240_ds_06.txt	357652.88		357387.529	180.462		23.565	0.082
Geo_n240_ds_07.txt	340899.12		339703.706	759.014		23.527	0.166
Geo_n240_ds_08.txt	130878.52		130687.395	244.713		23.655	0.129
Geo_n240_ds_09.txt	409038.03		407270.838	1405.945		23.501	0.243
Geo_n240_ds_10.txt	354198.73		353442.445	849.133		23.678	0.283
Geo_n240_ss_01.txt	188597.97		188555.378	36.867		12.278	0.171
Geo_n240_ss_02.txt	329746.29		329676.561	52.728		12.525	0.167
Geo_n240_ss_03.txt	206731.13		206684.496	28.033		12.445	0.179
Geo_n240_ss_04.txt	245987.95		245884.353	62.809		12.739	0.123
Geo_n240_ss_05.txt	298183.57		298140.922	39.508		12.396	0.304
Geo_n240_ss_06.txt	338002.23		337877.684	66.578		12.588	0.139
Geo_n240_ss_07.txt	325549.68		325395.902	84.783		12.311	0.228
Geo_n240_ss_08.txt	126831.54		126795.091	28.142		12.553	0.312
Geo_n240_ss_09.txt	390746.25		390691.860	64.385		12.272	0.102
Geo_n240_ss_10.txt	338931.07		338818.455	73.308		12.611	0.172
Geo_n480_ds_01.txt	579582.55		578150.766	956.996		49.723	0.328
Geo_n480_ds_02.txt	1085563.75		1084103.171	1202.240		50.157	0.170
Geo_n480_ds_03.txt	662195.34		660095.576	1527.847		50.149	0.235
Geo_n480_ds_04.txt	833828.08		831789.357	1971.934		50.057	0.377
Geo_n480_ds_05.txt	985093.33		982076.249	3152.283		50.348	0.590
Geo_n480_ds_06.txt	1009304.81		1007873.553	928.548		50.015	0.297
Geo_n480_ds_07.txt	861550.56		860087.382	847.662		49.627	0.229
Geo_n480_ds_08.txt	585508.34		584205.171	1267.187		49.717	0.361
Geo_n480_ds_09.txt	664694.58		664247.270	322.219		50.381	0.515
Geo_n480_ds_10.txt	934806.61		931622.461	1699.769		49.954	0.181
Geo_n480_ss_01.txt	551301.83		551186.758	80.517		26.461	0.554
Geo_n480_ss_02.txt	1045741.85		1045608.747	114.356		26.796	0.358
Geo_n480_ss_03.txt	632687.50		632597.393	48.728		26.152	0.139
Geo_n480_ss_04.txt	788446.14		788318.048	86.848		26.121	0.324
Geo_n480_ss_05.txt	944338.28		944205.624	80.045		26.666	0.364
Geo_n480_ss_06.txt	965179.44		965084.658	60.443		26.153	0.242
Geo_n480_ss_07.txt	826370.85		826141.997	177.558		26.374	0.207
Geo_n480_ss_08.txt	555685.72		555635.886	44.624		26.386	0.187
Geo_n480_ss_09.txt	635165.75		635121.559	55.298		26.442	0.402
Geo_n480_ss_10.txt	882059.04		881907.942	97.185		26.251	0.284
Geo_n960_ds_01.txt	3352470.97		3349111.482	2735.446		109.362	0.347
Geo_n960_ds_02.txt	1716614.37		1715107.943	1404.965		109.482	1.129
Geo_n960_ds_03.txt	3341508.10		3336744.094	4268.447		109.654	0.971
Geo_n960_ds_04.txt	3613305.23		3609435.339	3535.745		109.211	0.494
Geo_n960_ds_05.txt	2337634.18		2332222.483	3838.323		109.176	0.485
Geo_n960_ds_06.txt	3139921.84		3138554.628	982.746		109.806	0.800
Geo_n960_ds_07.txt	1298384.62		1295727.973	1874.481		108.862	0.467
Geo_n960_ds_08.txt	1720478.97		1718999.590	942.292		109.840	0.739
Geo_n960_ds_09.txt	1892750.00		1890554.199	1829.133		109.978	0.662
Geo_n960_ds_10.txt	2610950.31		2607611.624	3087.050		109.805	0.486
Geo_n960_ss_01.txt	3250832.65		3250631.998	131.301		58.344	0.374
Geo_n960_ss_02.txt	1661897.01		1661669.074	137.689		58.858	0.775
Geo_n960_ss_03.txt	3248323.70		3247757.465	297.999		58.175	0.817
Geo_n960_ss_04.txt	3510711.52		3510409.608	213.067		58.138	0.866
Geo_n960_ss_05.txt	2262337.19		2261988.205	212.561		58.202	0.649
Geo_n960_ss_06.txt	3066396.38		3066161.556	193.116		57.127	0.544
Geo_n960_ss_07.txt	1256818.07		1256669.224	173.891		58.123	0.961
Geo_n960_ss_08.txt	1672378.85		1672169.484	124.302		58.324	0.933
Geo_n960_ss_09.txt	1833622.84		1833388.213	162.055		57.782	0.918
Geo_n960_ss_10.txt	2526436.89		2526006.558	243.922		58.190	0.696
RanInt_n120_ds_01.txt	48596.00		48014.200	485.499		10.945	0.092
RanInt_n120_ds_02.txt	49317.00		48638.000	450.478		11.053	0.097
RanInt_n120_ds_03.txt	47747.00		47362.400	367.643		11.112	0.187
RanInt_n120_ds_04.txt	48100.00		47622.800	274.161		11.080	0.093
RanInt_n120_ds_05.txt	47585.00		47269.400	296.344		11.185	0.197
RanInt_n120_ds_06.txt	47538.00		47076.600	241.425		11.089	0.112
RanInt_n120_ds_07.txt	47953.00		47525.400	511.474		11.016	0.183
RanInt_n120_ds_08.txt	48264.00		48037.400	246.757		11.054	0.097
RanInt_n120_ds_09.txt	48286.00		47878.000	288.834		10.999	0.088
RanInt_n120_ds_10.txt	48405.00		47639.800	463.644		11.052	0.057
RanInt_n120_ss_01.txt	45715.00		45436.400	193.787		5.690	0.114
RanInt_n120_ss_02.txt	45840.00		45551.600	169.588		5.830	0.085
RanInt_n120_ss_03.txt	45729.00		44913.200	492.412		5.888	0.201
RanInt_n120_ss_04.txt	45735.00		45304.400	284.937		5.888	0.085
RanInt_n120_ss_05.txt	45282.00		44943.600	291.642		5.798	0.131
RanInt_n120_ss_06.txt	44871.00		44574.800	221.620		5.699	0.063
RanInt_n120_ss_07.txt	45049.00		44605.600	331.107		5.832	0.100
RanInt_n120_ss_08.txt	45496.00		45151.400	265.772		5.740	0.032
RanInt_n120_ss_09.txt	45730.00		45151.800	295.129		5.877	0.116
RanInt_n120_ss_10.txt	45725.00		45293.400	277.199		5.739	0.044
RanInt_n240_ds_01.txt	152346.00		151410.800	701.412		24.003	0.168
RanInt_n240_ds_02.txt	151664.00		151407.800	283.601		23.871	0.254
RanInt_n240_ds_03.txt	152360.00		151536.200	608.509		23.846	0.147
RanInt_n240_ds_04.txt	154444.00		153238.200	908.734		23.845	0.340
RanInt_n240_ds_05.txt	152562.00		151785.000	507.203		23.671	0.156
RanInt_n240_ds_06.txt	152491.00		151658.800	879.558		23.897	0.171
RanInt_n240_ds_07.txt	152634.00		151108.800	826.317		23.902	0.300
RanInt_n240_ds_08.txt	151473.00		150640.400	625.218		23.879	0.126
RanInt_n240_ds_09.txt	152700.00		151331.000	855.483		23.881	0.278
RanInt_n240_ds_10.txt	151996.00		150910.000	786.414		23.663	0.102
RanInt_n240_ss_01.txt	148844.00		147779.000	629.207		12.250	0.215
RanInt_n240_ss_02.txt	148076.00		146744.600	735.284		12.444	0.203
RanInt_n240_ss_03.txt	148441.00		147564.200	564.611		12.365	0.215
RanInt_n240_ss_04.txt	147989.00		146940.600	1107.459		12.513	0.212
RanInt_n240_ss_05.txt	148045.00		147485.600	485.814		12.560	0.188
RanInt_n240_ss_06.txt	148020.00		147214.600	644.144		12.579	0.232
RanInt_n240_ss_07.txt	148101.00		147261.000	547.217		12.485	0.274
RanInt_n240_ss_08.txt	147598.00		146872.600	638.755		12.546	0.155
RanInt_n240_ss_09.txt	148392.00		146719.200	854.744		12.458	0.118
RanInt_n240_ss_10.txt	148474.00		146914.400	1055.703		12.674	0.397
RanInt_n480_ds_01.txt	367180.00		364881.600	2982.244		50.755	0.296
RanInt_n480_ds_02.txt	367257.00		364840.200	1939.457		50.713	0.310
RanInt_n480_ds_03.txt	365215.00		363173.200	1157.680		50.855	0.435
RanInt_n480_ds_04.txt	366071.00		364710.400	1026.902		50.597	0.305
RanInt_n480_ds_05.txt	364727.00		363432.400	1081.152		50.759	0.398
RanInt_n480_ds_06.txt	365876.00		363654.800	1580.832		50.663	0.393
RanInt_n480_ds_07.txt	364141.00		362979.400	937.466		50.798	0.162
RanInt_n480_ds_08.txt	368822.00		366724.200	1454.443		50.420	0.472
RanInt_n480_ds_09.txt	365041.00		363133.400	1719.104		50.319	0.282
RanInt_n480_ds_10.txt	369568.00		367150.600	2214.832		50.772	0.390
RanInt_n480_ss_01.txt	355223.00		352648.000	2505.066		26.398	0.299
RanInt_n480_ss_02.txt	355388.00		354005.800	1223.344		26.221	0.167
RanInt_n480_ss_03.txt	354987.00		354029.000	852.004		26.463	0.418
RanInt_n480_ss_04.txt	357287.00		354685.400	1492.003		26.537	0.351
RanInt_n480_ss_05.txt	356421.00		354285.000	1543.885		26.135	0.381
RanInt_n480_ss_06.txt	355108.00		354276.200	717.770		26.440	0.249
RanInt_n480_ss_07.txt	355927.00		353524.000	2257.203		26.319	0.390
RanInt_n480_ss_08.txt	356040.00		355211.400	1438.268		26.363	0.348
RanInt_n480_ss_09.txt	354241.00		352583.400	1020.324		26.242	0.278
RanInt_n480_ss_10.txt	358444.00		356182.800	1302.981		26.301	0.271
RanInt_n960_ds_01.txt	1168655.00		1163091.600	3749.338		110.958	0.677
RanInt_n960_ds_02.txt	1170536.00		1166883.400	5544.439		110.934	0.621
RanInt_n960_ds_03.txt	1171727.00		1164461.400	6105.168		110.879	0.703
RanInt_n960_ds_04.txt	1171738.00		1164946.200	5470.818		109.943	0.722
RanInt_n960_ds_05.txt	1170814.00		1162241.400	4882.121		110.600	1.053
RanInt_n960_ds_06.txt	1170083.00		1159589.800	7030.585		111.422	1.576
RanInt_n960_ds_07.txt	1174400.00		1168786.600	6463.293		110.330	0.889
RanInt_n960_ds_08.txt	1168859.00		1165052.400	2356.410		109.910	0.451
RanInt_n960_ds_09.txt	1169490.00		1159519.600	6343.972		110.436	0.852
RanInt_n960_ds_10.txt	1170847.00		1165066.600	4493.247		110.567	0.505
RanInt_n960_ss_01.txt	1150796.00		1146174.400	3464.987		57.602	0.439
RanInt_n960_ss_02.txt	1147529.00		1143330.200	5517.994		58.515	1.119
RanInt_n960_ss_03.txt	1148481.00		1141821.400	5383.137		58.252	0.339
RanInt_n960_ss_04.txt	1152303.00		1145586.000	6284.966		58.308	0.321
RanInt_n960_ss_05.txt	1142537.00		1136750.600	6736.928		58.997	0.969
RanInt_n960_ss_06.txt	1152964.00		1144124.800	4683.731		57.663	0.304
RanInt_n960_ss_07.txt	1152222.00		1142136.600	7280.212		58.815	0.682
RanInt_n960_ss_08.txt	1152560.00		1149726.600	1912.609		57.750	0.632
RanInt_n960_ss_09.txt	1151041.00		1146203.600	4529.162		58.650	1.059
RanInt_n960_ss_10.txt	1150873.00		1143214.600	5787.029		58.293	1.067
RanReal_n120_ds_01.txt	47792.97		47463.729	186.766		11.056	0.068
RanReal_n120_ds_02.txt	48419.55		47924.872	461.188		11.051	0.094
RanReal_n120_ds_03.txt	47857.54		47302.510	394.313		11.041	0.130
RanReal_n120_ds_04.txt	48396.90		47701.421	405.779		11.084	0.126
RanReal_n120_ds_05.txt	46825.54		46456.824	330.908		11.049	0.152
RanReal_n120_ds_06.txt	48208.64		47918.222	236.504		11.091	0.089
RanReal_n120_ds_07.txt	48041.49		47669.361	207.893		11.089	0.075
RanReal_n120_ds_08.txt	47961.07		47588.716	343.386		11.170	0.068
RanReal_n120_ds_09.txt	48500.08		48013.039	271.496		10.962	0.067
RanReal_n120_ds_10.txt	47263.82		47052.374	244.273		11.020	0.148
RanReal_n120_ss_01.txt	45375.37		45068.009	192.117		5.749	0.126
RanReal_n120_ss_02.txt	45043.40		44876.618	162.710		5.698	0.089
RanReal_n120_ss_03.txt	45269.10		44880.715	309.407		5.870	0.160
RanReal_n120_ss_04.txt	45372.42		45005.581	313.501		5.786	0.087
RanReal_n120_ss_05.txt	45319.35		44846.602	349.665		5.811	0.044
RanReal_n120_ss_06.txt	45469.12		45087.572	237.868		5.772	0.107
RanReal_n120_ss_07.txt	44967.44		44702.312	190.519		5.681	0.079
RanReal_n120_ss_08.txt	45158.34		45008.685	134.776		5.835	0.077
RanReal_n120_ss_09.txt	45807.98		45311.336	330.391		5.706	0.111
RanReal_n120_ss_10.txt	45385.08		44945.470	261.978		5.869	0.075
RanReal_n240_ds_01.txt	152965.80		151592.948	703.795		23.583	0.123
RanReal_n240_ds_02.txt	152990.37		152071.498	716.926		23.672	0.258
RanReal_n240_ds_03.txt	152921.99		151511.447	733.592		23.609	0.161
RanReal_n240_ds_04.txt	154003.16		152807.007	786.283		24.063	0.349
RanReal_n240_ds_05.txt	150706.51		150224.213	384.581		23.895	0.244
RanReal_n240_ds_06.txt	153039.11		152788.054	288.081		23.712	0.195
RanReal_n240_ds_07.txt	152214.72		150792.361	994.346		23.796	0.148
RanReal_n240_ds_08.txt	150905.27		149894.454	915.029		23.850	0.316
RanReal_n240_ds_09.txt	152080.69		151426.900	544.148		23.880	0.134
RanReal_n240_ds_10.txt	151768.62		151289.374	444.178		24.048	0.225
RanReal_n240_ss_01.txt	147048.10		146602.626	326.559		12.484	0.107
RanReal_n240_ss_02.txt	148452.18		146964.032	1115.837		12.539	0.289
RanReal_n240_ss_03.txt	147933.29		146882.212	1002.549		12.556	0.153
RanReal_n240_ss_04.txt	147833.35		147485.484	269.770		12.364	0.234
RanReal_n240_ss_05.txt	147691.59		146587.425	837.839		12.504	0.464
RanReal_n240_ss_06.txt	147560.96		147000.130	614.377		12.662	0.295
RanReal_n240_ss_07.txt	147919.05		147155.776	500.777		12.297	0.193
RanReal_n240_ss_08.txt	148034.86		146660.067	895.516		12.775	0.263
RanReal_n240_ss_09.txt	147632.35		147157.573	306.828		12.405	0.084
RanReal_n240_ss_10.txt	147198.24		146429.249	597.178		12.594	0.131
RanReal_n480_ds_01.txt	363099.32		362096.280	792.484		50.370	0.120
RanReal_n480_ds_02.txt	363656.87		361621.945	1186.234		50.898	0.317
RanReal_n480_ds_03.txt	364991.44		362393.294	1782.736		51.063	0.566
RanReal_n480_ds_04.txt	365328.55		363794.695	1263.978		62.914	5.488
RanReal_n480_ds_05.txt	363076.19		361008.385	1442.805		65.576	0.353
RanReal_n480_ds_06.txt	365646.44		362108.844	2593.935		65.936	0.843
RanReal_n480_ds_07.txt	364695.17		362459.549	1985.340		65.337	0.509
RanReal_n480_ds_08.txt	366046.98		364016.754	1615.570		51.458	1.671
RanReal_n480_ds_09.txt	364643.54		363198.945	914.729		50.165	0.481
RanReal_n480_ds_10.txt	368149.01		366313.421	1457.944		50.803	0.359
RanReal_n480_ss_01.txt	355247.14		352379.540	1583.041		26.388	0.336
RanReal_n480_ss_02.txt	356432.19		353138.893	1978.446		26.389	0.380
RanReal_n480_ss_03.txt	356767.34		353251.479	2731.475		26.386	0.423
RanReal_n480_ss_04.txt	353242.62		352319.506	964.905		26.575	0.300
RanReal_n480_ss_05.txt	356614.11		352564.724	2149.486		26.431	0.209
RanReal_n480_ss_06.txt	356504.04		354074.779	1826.881		26.261	0.222
RanReal_n480_ss_07.txt	354687.47		353677.942	916.369		26.342	0.330
RanReal_n480_ss_08.txt	354959.57		353267.364	1775.448		26.642	0.155
RanReal_n480_ss_09.txt	356409.88		354058.477	2027.786		26.232	0.228
RanReal_n480_ss_10.txt	355799.25		353230.125	2332.566		26.733	0.220
RanReal_n960_ds_01.txt	1168415.18		1162401.749	3785.552		144.427	13.590
RanReal_n960_ds_02.txt	1171312.10		1163520.939	4242.731		143.666	0.544
RanReal_n960_ds_03.txt	1170361.02		1163533.825	6297.552		143.718	0.465
RanReal_n960_ds_04.txt	1169466.93		1165572.647	2033.732		143.906	0.935
RanReal_n960_ds_05.txt	1167359.12		1159588.338	6303.340		144.307	1.428
RanReal_n960_ds_06.txt	1162819.53		1157596.203	4530.881		143.510	1.358
RanReal_n960_ds_07.txt	1165859.70		1162296.275	4382.986		143.667	1.574
RanReal_n960_ds_08.txt	1162316.77		1158022.346	3401.118		143.781	0.561
RanReal_n960_ds_09.txt	1169605.94		1164866.494	3863.158		143.075	0.775
RanReal_n960_ds_10.txt	1167718.81		1164590.581	2403.666		143.993	0.753
RanReal_n960_ss_01.txt	1149675.76		1142159.792	4943.052		74.973	1.598
RanReal_n960_ss_02.txt	1148259.41		1142496.323	4646.862		75.736	1.457
RanReal_n960_ss_03.txt	1149310.26		1138989.147	6729.174		76.029	0.922
RanReal_n960_ss_04.txt	1150897.02		1144616.914	6012.141		75.405	0.830
RanReal_n960_ss_05.txt	1142890.54		1138697.063	2600.885		75.454	0.744
RanReal_n960_ss_06.txt	1147914.89		1141297.723	5919.066		75.467	0.830
RanReal_n960_ss_07.txt	1148776.56		1141428.217	4854.989		75.218	0.852
RanReal_n960_ss_08.txt	1144451.14		1139824.726	3633.374		75.518	1.248
RanReal_n960_ss_09.txt	1140649.70		1137195.267	3607.675		76.349	1.352
RanReal_n960_ss_10.txt	1152236.14		1145371.841	4783.847		74.751	0.599


############################WJ############################

Geo_n120_ds_01.txt	111500.53		111083.010	478.764		14.378	0.150
Geo_n120_ds_02.txt	61735.49		61516.400	238.904		14.214	0.115
Geo_n120_ds_03.txt	51864.25		51592.593	251.022		14.379	0.141
Geo_n120_ds_04.txt	80436.92		80239.756	160.353		14.167	0.106
Geo_n120_ds_05.txt	121271.86		121156.982	87.329		14.362	0.125
Geo_n120_ds_06.txt	136210.41		135976.837	282.528		14.358	0.110
Geo_n120_ds_07.txt	108110.63		107339.067	737.732		14.278	0.235
Geo_n120_ds_08.txt	87930.89		87718.930	325.116		14.431	0.092
Geo_n120_ds_09.txt	95009.60		94666.633	341.888		14.327	0.198
Geo_n120_ds_10.txt	65334.44		65193.619	116.618		14.433	0.237
Geo_n120_ss_01.txt	101387.30		101341.571	26.085		7.680	0.083
Geo_n120_ss_02.txt	54730.39		54717.440	12.502		7.583	0.209
Geo_n120_ss_03.txt	47548.72		47526.964	15.107		7.469	0.057
Geo_n120_ss_04.txt	73348.15		73299.412	42.388		6.495	0.773
Geo_n120_ss_05.txt	112412.63		112305.499	57.562		5.865	0.134
Geo_n120_ss_06.txt	125096.14		125031.325	48.984		5.883	0.296
Geo_n120_ss_07.txt	98275.05		98214.874	30.778		5.787	0.112
Geo_n120_ss_08.txt	79776.73		79717.433	34.241		5.869	0.156
Geo_n120_ss_09.txt	87035.00		87000.448	20.369		5.828	0.093
Geo_n120_ss_10.txt	60115.03		60081.217	22.465		5.951	0.281
Geo_n240_ds_01.txt	199890.85		199643.165	185.265		24.938	0.648
Geo_n240_ds_02.txt	347355.31		346646.839	526.022		26.008	0.371
Geo_n240_ds_03.txt	216577.90		216064.939	604.186		25.682	0.319
Geo_n240_ds_04.txt	262796.68		262072.345	438.188		26.758	0.222
Geo_n240_ds_05.txt	312177.47		311289.121	447.888		26.855	0.239
Geo_n240_ds_06.txt	357728.83		357230.179	378.437		27.114	0.614
Geo_n240_ds_07.txt	340172.36		339413.271	505.089		26.882	0.186
Geo_n240_ds_08.txt	130842.98		130795.585	33.189		27.010	0.173
Geo_n240_ds_09.txt	409369.81		409063.493	494.631		26.686	0.210
Geo_n240_ds_10.txt	354265.20		353876.792	559.765		26.869	0.384
Geo_n240_ss_01.txt	188595.38		188551.341	35.697		13.963	0.262
Geo_n240_ss_02.txt	329692.81		329644.347	39.964		14.194	0.387
Geo_n240_ss_03.txt	206723.43		206676.030	34.573		13.919	0.207
Geo_n240_ss_04.txt	245960.90		245876.800	78.774		13.954	0.218
Geo_n240_ss_05.txt	298236.38		298163.830	44.496		14.024	0.268
Geo_n240_ss_06.txt	337974.76		337919.995	33.848		14.011	0.173
Geo_n240_ss_07.txt	325468.34		325369.544	61.321		14.064	0.154
Geo_n240_ss_08.txt	126829.12		126792.702	27.588		14.229	0.394
Geo_n240_ss_09.txt	390772.00		390715.051	45.279		14.046	0.357
Geo_n240_ss_10.txt	338964.30		338856.065	94.107		13.954	0.304
Geo_n480_ds_01.txt	580570.45		577789.356	1526.712		56.316	0.747
Geo_n480_ds_02.txt	1087257.78		1084686.657	1432.239		56.854	0.305
Geo_n480_ds_03.txt	662005.99		659153.412	1698.252		56.688	0.465
Geo_n480_ds_04.txt	832270.56		830586.899	1165.015		57.279	0.471
Geo_n480_ds_05.txt	984321.99		979468.061	3836.572		56.991	0.564
Geo_n480_ds_06.txt	1009118.37		1004424.656	4156.610		57.367	0.444
Geo_n480_ds_07.txt	861073.48		859453.788	1375.183		56.895	0.237
Geo_n480_ds_08.txt	584231.56		583223.089	803.237		57.120	0.373
Geo_n480_ds_09.txt	664885.17		664217.601	927.732		56.556	0.307
Geo_n480_ds_10.txt	934499.71		931286.736	2313.783		57.128	0.433
Geo_n480_ss_01.txt	551300.30		551206.908	70.367		29.454	0.461
Geo_n480_ss_02.txt	1045923.97		1045766.939	105.916		29.975	0.590
Geo_n480_ss_03.txt	632633.82		632538.269	52.133		29.687	0.422
Geo_n480_ss_04.txt	788374.21		788320.592	63.333		29.871	0.371
Geo_n480_ss_05.txt	944359.50		944253.286	107.346		29.802	0.692
Geo_n480_ss_06.txt	965031.31		964912.006	86.042		29.757	0.298
Geo_n480_ss_07.txt	826362.42		826257.231	86.622		29.529	0.344
Geo_n480_ss_08.txt	555704.33		555601.069	89.469		30.236	0.506
Geo_n480_ss_09.txt	635228.75		635107.193	112.332		29.638	0.528
Geo_n480_ss_10.txt	881911.98		881811.637	76.162		29.502	0.375
Geo_n960_ds_01.txt	3355940.61		3344837.359	8093.590		124.258	0.590
Geo_n960_ds_02.txt	1717236.07		1716134.976	1049.900		124.786	1.276
Geo_n960_ds_03.txt	3340747.32		3339225.361	936.311		122.992	0.475
Geo_n960_ds_04.txt	3613980.71		3610578.774	3418.961		124.580	0.871
Geo_n960_ds_05.txt	2338067.66		2331624.925	4373.574		123.848	0.630
Geo_n960_ds_06.txt	3145447.90		3140394.248	2833.713		124.762	1.546
Geo_n960_ds_07.txt	1296514.46		1294500.459	1317.418		123.880	0.652
Geo_n960_ds_08.txt	1719592.23		1717668.796	2586.136		124.247	1.359
Geo_n960_ds_09.txt	1890829.26		1888741.200	1392.444		124.466	0.804
Geo_n960_ds_10.txt	2611465.00		2609887.554	1713.092		125.035	0.998
Geo_n960_ss_01.txt	3250900.10		3250552.396	186.615		65.131	0.574
Geo_n960_ss_02.txt	1661917.90		1661745.628	124.726		65.108	0.648
Geo_n960_ss_03.txt	3248164.28		3247757.101	324.829		66.005	1.566
Geo_n960_ss_04.txt	3510632.24		3510355.360	147.568		65.476	0.668
Geo_n960_ss_05.txt	2262256.61		2261925.878	187.351		64.961	1.062
Geo_n960_ss_06.txt	3066381.06		3066266.921	125.649		64.783	0.745
Geo_n960_ss_07.txt	1256754.19		1256616.592	136.161		65.390	0.554
Geo_n960_ss_08.txt	1672327.50		1672166.791	119.149		65.740	0.764
Geo_n960_ss_09.txt	1833374.53		1833243.020	205.034		65.558	0.760
Geo_n960_ss_10.txt	2526276.36		2526035.656	218.016		64.892	0.936
RanInt_n120_ds_01.txt	48785.00		48375.400	259.974		11.892	0.428
RanInt_n120_ds_02.txt	49450.00		48654.000	464.906		12.015	0.162
RanInt_n120_ds_03.txt	48074.00		47457.600	348.518		12.125	0.193
RanInt_n120_ds_04.txt	48266.00		47782.600	352.935		12.264	0.211
RanInt_n120_ds_05.txt	47621.00		47227.000	222.961		12.148	0.249
RanInt_n120_ds_06.txt	47432.00		47059.200	286.742		12.213	0.195
RanInt_n120_ds_07.txt	47941.00		47527.200	263.485		12.561	0.222
RanInt_n120_ds_08.txt	48513.00		48127.000	394.855		12.464	0.242
RanInt_n120_ds_09.txt	48097.00		47854.800	267.586		12.525	0.125
RanInt_n120_ds_10.txt	48036.00		47408.000	325.900		12.484	0.164
RanInt_n120_ss_01.txt	46067.00		45569.800	333.082		6.507	0.105
RanInt_n120_ss_02.txt	45796.00		45325.600	377.411		6.662	0.159
RanInt_n120_ss_03.txt	45814.00		45204.200	350.446		6.672	0.163
RanInt_n120_ss_04.txt	45807.00		45374.000	312.240		6.449	0.238
RanInt_n120_ss_05.txt	44932.00		44569.000	249.177		6.519	0.125
RanInt_n120_ss_06.txt	44605.00		44316.800	227.856		6.652	0.137
RanInt_n120_ss_07.txt	45161.00		44743.000	374.404		6.680	0.170
RanInt_n120_ss_08.txt	45431.00		45043.400	391.633		6.551	0.174
RanInt_n120_ss_09.txt	46332.00		45094.000	633.101		6.588	0.181
RanInt_n120_ss_10.txt	45666.00		45131.400	274.718		6.582	0.121
RanInt_n240_ds_01.txt	153367.00		152069.200	868.182		26.785	0.126
RanInt_n240_ds_02.txt	153022.00		151988.400	722.078		26.775	0.227
RanInt_n240_ds_03.txt	151747.00		151246.600	485.087		26.954	0.184
RanInt_n240_ds_04.txt	154468.00		152684.200	1125.081		27.165	0.516
RanInt_n240_ds_05.txt	152528.00		151839.800	779.717		26.782	0.225
RanInt_n240_ds_06.txt	153447.00		152503.000	717.622		26.769	0.156
RanInt_n240_ds_07.txt	152651.00		151483.800	741.525		26.849	0.456
RanInt_n240_ds_08.txt	150906.00		149561.800	820.506		26.840	0.684
RanInt_n240_ds_09.txt	151541.00		150853.200	500.052		26.342	0.402
RanInt_n240_ds_10.txt	151497.00		150489.800	795.777		26.501	0.561
RanInt_n240_ss_01.txt	147893.00		147202.200	475.003		13.984	0.187
RanInt_n240_ss_02.txt	148486.00		146736.000	1054.417		13.923	0.114
RanInt_n240_ss_03.txt	147927.00		147284.800	513.439		13.950	0.319
RanInt_n240_ss_04.txt	149298.00		148589.200	640.885		13.897	0.310
RanInt_n240_ss_05.txt	147955.00		147406.600	510.146		14.130	0.221
RanInt_n240_ss_06.txt	148266.00		147471.400	429.228		14.051	0.236
RanInt_n240_ss_07.txt	148219.00		146987.000	1547.638		14.163	0.406
RanInt_n240_ss_08.txt	148073.00		146942.600	868.425		14.009	0.346
RanInt_n240_ss_09.txt	147666.00		146325.800	914.993		14.294	0.371
RanInt_n240_ss_10.txt	148398.00		147720.000	527.127		13.976	0.186
RanInt_n480_ds_01.txt	364690.00		363657.400	1044.419		55.738	0.411
RanInt_n480_ds_02.txt	366248.00		364249.600	1731.984		55.931	0.173
RanInt_n480_ds_03.txt	365007.00		363448.200	1584.601		55.352	0.366
RanInt_n480_ds_04.txt	367970.00		365526.400	1924.425		56.132	0.517
RanInt_n480_ds_05.txt	366774.00		366033.400	416.117		56.945	0.353
RanInt_n480_ds_06.txt	367097.00		363186.400	1990.281		57.088	0.230
RanInt_n480_ds_07.txt	367321.00		363590.400	2192.196		57.415	0.617
RanInt_n480_ds_08.txt	368400.00		366019.800	1431.396		56.898	0.469
RanInt_n480_ds_09.txt	365170.00		363148.000	1692.986		56.884	0.314
RanInt_n480_ds_10.txt	369543.00		366814.800	2294.591		57.099	0.635
RanInt_n480_ss_01.txt	355617.00		353722.400	1332.979		30.099	0.540
RanInt_n480_ss_02.txt	356258.00		354745.600	1837.801		29.710	0.548
RanInt_n480_ss_03.txt	355458.00		354060.600	1077.599		29.827	0.329
RanInt_n480_ss_04.txt	356675.00		353293.600	1984.319		29.826	0.278
RanInt_n480_ss_05.txt	355344.00		352431.800	3065.143		29.783	0.784
RanInt_n480_ss_06.txt	355161.00		354514.000	565.105		29.517	0.605
RanInt_n480_ss_07.txt	355553.00		353441.400	1476.130		29.888	0.310
RanInt_n480_ss_08.txt	356791.00		355638.000	1260.351		29.405	0.511
RanInt_n480_ss_09.txt	354358.00		352881.800	1477.052		29.411	0.311
RanInt_n480_ss_10.txt	358253.00		356046.200	1670.978		28.951	0.401
RanInt_n960_ds_01.txt	1169421.00		1162059.200	5545.659		121.958	1.064
RanInt_n960_ds_02.txt	1172501.00		1167948.600	4985.289		121.981	0.852
RanInt_n960_ds_03.txt	1170659.00		1165192.800	6513.617		122.893	1.344
RanInt_n960_ds_04.txt	1170108.00		1163208.200	4682.859		122.687	0.675
RanInt_n960_ds_05.txt	1165967.00		1163758.200	1770.484		140.501	5.997
RanInt_n960_ds_06.txt	1168792.00		1163773.400	4863.084		142.654	1.184
RanInt_n960_ds_07.txt	1172263.00		1165507.800	3630.953		143.878	0.877
RanInt_n960_ds_08.txt	1169158.00		1165323.200	3165.745		143.875	0.781
RanInt_n960_ds_09.txt	1168807.00		1166204.000	3432.681		116.654	12.558
RanInt_n960_ds_10.txt	1173147.00		1167467.800	4553.063		109.974	1.064
RanInt_n960_ss_01.txt	1150317.00		1144875.800	3876.819		58.081	0.462
RanInt_n960_ss_02.txt	1150600.00		1147100.600	3755.987		57.728	0.632
RanInt_n960_ss_03.txt	1153238.00		1143435.800	5007.122		58.337	0.976
RanInt_n960_ss_04.txt	1150878.00		1149106.600	2773.904		57.077	0.353
RanInt_n960_ss_05.txt	1153114.00		1148078.200	3159.619		57.093	0.575
RanInt_n960_ss_06.txt	1153398.00		1144981.200	4362.779		57.672	0.548
RanInt_n960_ss_07.txt	1148844.00		1143255.200	6674.290		57.757	1.072
RanInt_n960_ss_08.txt	1150700.00		1144218.800	5376.156		58.676	0.961
RanInt_n960_ss_09.txt	1151065.00		1138358.200	8235.480		58.767	0.872
RanInt_n960_ss_10.txt	1148227.00		1142906.000	4200.067		58.148	0.768
RanReal_n120_ds_01.txt	47791.01		47608.423	222.508		10.979	0.079
RanReal_n120_ds_02.txt	48314.46		47827.523	308.586		10.988	0.078
RanReal_n120_ds_03.txt	47478.79		47204.712	269.973		10.940	0.096
RanReal_n120_ds_04.txt	48376.90		47855.800	307.022		11.147	0.058
RanReal_n120_ds_05.txt	47549.13		46876.850	452.996		11.053	0.169
RanReal_n120_ds_06.txt	48007.21		47683.043	293.083		11.087	0.045
RanReal_n120_ds_07.txt	47390.21		47065.472	244.593		10.977	0.069
RanReal_n120_ds_08.txt	48903.97		48047.193	527.252		11.034	0.072
RanReal_n120_ds_09.txt	48030.19		47668.043	227.569		11.040	0.062
RanReal_n120_ds_10.txt	47559.03		47037.094	284.601		10.923	0.056
RanReal_n120_ss_01.txt	46001.05		45399.225	322.211		5.646	0.046
RanReal_n120_ss_02.txt	44927.83		44587.482	262.695		5.816	0.135
RanReal_n120_ss_03.txt	45033.26		44629.712	269.732		5.825	0.211
RanReal_n120_ss_04.txt	45936.82		45307.471	462.910		5.817	0.139
RanReal_n120_ss_05.txt	44887.55		44747.533	107.038		5.743	0.142
RanReal_n120_ss_06.txt	45167.80		44903.667	191.324		5.850	0.144
RanReal_n120_ss_07.txt	45088.72		44659.430	333.139		5.874	0.149
RanReal_n120_ss_08.txt	45527.54		45069.711	409.292		5.813	0.084
RanReal_n120_ss_09.txt	45466.61		45214.636	290.103		5.740	0.113
RanReal_n120_ss_10.txt	45128.50		44689.632	423.759		5.720	0.092
RanReal_n240_ds_01.txt	153103.78		151785.525	715.249		23.662	0.134
RanReal_n240_ds_02.txt	152620.74		151969.731	535.613		23.728	0.145
RanReal_n240_ds_03.txt	151790.63		150976.689	886.857		23.673	0.181
RanReal_n240_ds_04.txt	154710.37		153356.631	1281.478		23.851	0.162
RanReal_n240_ds_05.txt	151829.93		151026.207	711.406		23.856	0.113
RanReal_n240_ds_06.txt	154011.15		152511.811	787.360		23.847	0.116
RanReal_n240_ds_07.txt	151875.26		150950.725	557.811		23.787	0.377
RanReal_n240_ds_08.txt	151024.04		150410.951	694.428		23.671	0.178
RanReal_n240_ds_09.txt	151639.06		151238.649	350.731		23.812	0.173
RanReal_n240_ds_10.txt	152127.26		151162.397	726.190		23.866	0.104
RanReal_n240_ss_01.txt	147626.26		145707.172	1201.143		12.796	0.323
RanReal_n240_ss_02.txt	148812.05		147965.114	757.408		12.317	0.113
RanReal_n240_ss_03.txt	147532.97		146738.603	607.744		12.428	0.201
RanReal_n240_ss_04.txt	147435.08		146917.720	532.284		12.556	0.200
RanReal_n240_ss_05.txt	147065.64		145814.486	731.108		12.347	0.213
RanReal_n240_ss_06.txt	148412.14		147483.169	1014.693		12.386	0.138
RanReal_n240_ss_07.txt	147391.26		147006.237	359.488		12.521	0.199
RanReal_n240_ss_08.txt	147818.86		147259.018	595.545		12.267	0.103
RanReal_n240_ss_09.txt	148086.62		147156.148	818.473		12.173	0.247
RanReal_n240_ss_10.txt	147710.33		146784.393	629.217		12.426	0.135
RanReal_n480_ds_01.txt	366524.65		362807.727	2146.004		50.188	0.300
RanReal_n480_ds_02.txt	362870.84		361092.403	1777.052		50.756	0.395
RanReal_n480_ds_03.txt	365187.06		362622.096	2328.940		50.501	0.722
RanReal_n480_ds_04.txt	364264.54		362979.221	1226.350		51.249	0.452
RanReal_n480_ds_05.txt	363562.21		361009.743	2162.429		50.851	0.552
RanReal_n480_ds_06.txt	367412.17		364128.588	2114.152		50.912	0.584
RanReal_n480_ds_07.txt	366543.82		363628.735	2436.844		50.950	0.365
RanReal_n480_ds_08.txt	367942.05		365383.220	1898.205		50.713	0.137
RanReal_n480_ds_09.txt	366296.06		361816.032	2565.045		50.607	0.504
RanReal_n480_ds_10.txt	369250.70		367287.927	1612.751		50.372	0.307
RanReal_n480_ss_01.txt	354447.03		351805.684	2417.207		26.708	0.659
RanReal_n480_ss_02.txt	354259.28		353059.222	805.163		26.835	0.278
RanReal_n480_ss_03.txt	355876.08		353393.094	2472.396		26.621	0.271
RanReal_n480_ss_04.txt	354416.36		351566.152	2074.008		26.521	0.457
RanReal_n480_ss_05.txt	355268.06		353817.719	1594.751		26.529	0.397
RanReal_n480_ss_06.txt	355351.68		353749.159	1036.415		27.130	0.247
RanReal_n480_ss_07.txt	355297.59		353275.824	1723.136		26.703	0.339
RanReal_n480_ss_08.txt	355694.86		353893.873	1845.667		26.805	0.511
RanReal_n480_ss_09.txt	355432.80		353086.281	1870.243		26.498	0.283
RanReal_n480_ss_10.txt	355383.96		351345.244	3789.682		27.131	0.697
RanReal_n960_ds_01.txt	1171327.01		1164589.456	4794.586		110.043	0.533
RanReal_n960_ds_02.txt	1170770.36		1165790.393	3976.699		110.860	0.431
RanReal_n960_ds_03.txt	1170310.30		1161511.357	7656.987		110.516	0.616
RanReal_n960_ds_04.txt	1172624.37		1167130.623	5633.925		110.729	1.478
RanReal_n960_ds_05.txt	1165905.37		1162537.358	2869.323		110.677	0.979
RanReal_n960_ds_06.txt	1166401.44		1162588.247	3124.821		110.550	0.678
RanReal_n960_ds_07.txt	1168419.40		1160238.207	4911.345		110.690	0.947
RanReal_n960_ds_08.txt	1165906.48		1163376.726	2219.620		110.206	0.257
RanReal_n960_ds_09.txt	1174752.15		1164603.300	6562.242		109.835	0.838
RanReal_n960_ds_10.txt	1171484.60		1168356.810	4019.401		109.786	0.455
RanReal_n960_ss_01.txt	1149068.75		1142217.933	4457.641		57.574	0.664
RanReal_n960_ss_02.txt	1148814.83		1142215.579	7921.367		58.034	1.079
RanReal_n960_ss_03.txt	1149632.68		1137745.141	6235.703		58.357	0.784
RanReal_n960_ss_04.txt	1151321.38		1143143.491	6244.555		57.825	0.663
RanReal_n960_ss_05.txt	1141234.22		1135058.893	3824.427		59.254	0.872
RanReal_n960_ss_06.txt	1143523.41		1137085.915	6588.823		59.019	0.919
RanReal_n960_ss_07.txt	1148533.30		1143610.688	4363.246		57.965	0.570
RanReal_n960_ss_08.txt	1147999.86		1142170.949	4556.855		57.575	0.683
RanReal_n960_ss_09.txt	1149006.77		1142862.274	4916.363		58.306	0.882
RanReal_n960_ss_10.txt	1148347.58		1138177.935	6780.825		58.636	0.766
